-1201272
-1229752
-1287544
-1394056
-1446488
-1557464
-1935064
-2137640
-3262744
-3296904
-3406360
-3442056
-3492728
-3527288
-3554312
-3712456
-3766424
-4093912
-4272856
-4279448
-4434296
-4574728
-4596824
-4601944
-4756584
-4829368
-4870088
-4887944
-4970136
-5110984
-5227016
-5274520
-5294840
-5328312
-5364584
-5517672
-5614104
-5803064
-5815848
-5848376
-5901784
-6000392
-6078392
-6197720
-6238280
-6491384
-6578872
-6649816
-6669368
-6696104
-6775624
-6777496
-6803416
-6830056
-7044424
-7094728
-7269160
-7316216
-7395976
-7469608
-7534408
-7608424
-7739960
-7791080
-7879240
-8116904
-8220504
-8380552
-8595464
-8686024
-8697576
-8943176
-9176488
-9214168
-9244456
-9258520
-9321288
-9336088
-9594328
-9808376
-9821992
-9874408
-9958328
-10207640
-10355608
-10465880
-10932008
-11328008
-11439320
-11540824
-11845864
-11903192
-11948520
-12116136
-12267656
-12291208
-12341656
-12349592
-12455096
-12582264
-12836536
-12944280
-13263656
-13551352
-13950776
-13997128
-14273880
-14347336
-14384872
-14515752
-14597672
-14793160
-15301112
-15316536
-15345416
-15586584
-15629816
-15716328
-15760760
-15856280
-16134792
-16347768
-16552568
-16722120
-16846024
-16960216
-17046008
-17078632
-17307592
-17544088
-17644056
-17718280
-17916536
-17925592
-17933784
-18156696
-18291336
-18309320
-18332808
-18519448
-18707512
-18759784
-18925816
-19041224
-19377080
-19402504
-19527960
-19736824
-19880264
-19937224
-20208040
-20352984
-20362888
-20375896
-20513624
-20645592
-20730056
-20889352
-20889656
-20906952
-20968376
-20972504
-21163880
-21207064
-21381144
-21384888
-21538760
-21659928
-21733880
-21848168
-21993112
-22099816
-22320664
-22368968
-22423656
-22539208
-22912456
-23010872
-23036712
-23430872
-23440264
-23461976
-23641160
-23962056
-23972776
-24143144
-24152136
-24535320
-24638072
-24778280
-24883208
-24979624
-24996904
-25225032
-25225368
-25294760
-25469864
-25525560
-25537672
-25865176
-25976408
-26036152
-26065768
-26098264
-26177096
-26346904
-26469560
-26518616
-26522536
-26602440
-26636216
-26719608
-26807272
-26821736
-27558760
-27649704
-28034904
-28112488
-28137432
-28221512
-28234952
-28267720
-28511560
-28535464
-28614216
-28695432
-28968344
-29038552
-29125736
-29144584
-29222072
-29355688
-29385608
-29590520
-29747784
-29772424
-29838696
-30051208
-30263512
-30358504
-30486824
-30495064
-30516072
-30639016
-30729368
-30761576
-30805864
-31154952
-31500024
-31602520
-31695880
-31834040
-31835416
-31914152
-32104664
-32136472
-32239576
-32425384
-32428392
-32591112
-32782888
-33126008
-33404168
-33434152
-33446888
-33760568
-33940376
-33962584
-34108904
-34356712
-34393224
-34440152
-34472856
-34582344
-34582408
-34634312
-34779768
-34941656
-34945912
-34985272
-35036216
-35060248
-35129224
-35260072
-35277560
-35317992
-35471048
-35814152
-36009608
-36142152
-36300632
-36356456
-36490024
-36964040
-36987656
-37030872
-37184264
-37194440
-37204120
-37235032
-37408584
-37444024
-37755192
-37854232
-37950472
-37955528
-38018008
-38161336
-38486904
-38648440
-38722584
-38852408
-38965928
-39048808
-39070904
-39213848
-39250680
-39337384
-39370488
-39416440
-39532904
-39548024
-39690424
-39702120
-39778568
-39829208
-39873032
-39909352
-40148344
-40212328
-40252776
-40592456
-40687352
-40775288
-40844184
-41033896
-41053016
-41132904
-41156072
-41213384
-41238440
-41261224
-41262456
-41317032
-41584952
-41729896
-41885576
-42074072
-42107128
-42465512
-42472216
-42612728
-42659608
-42669832
-42753896
-42792952
-43126568
-43234536
-43284856
-43597336
-43719976
-43734632
-44211576
-44213608
-44219416
-44326408
-44433704
-44462472
-44523096
-44623416
-44761512
-44784408
-45023624
-45201928
-45230568
-45262936
-45421528
-45573928
-45612344
-45630728
-45651320
-45863368
-45992168
-46027848
-46140712
-46830152
-46937816
-47222328
-47363944
-47450440
-47565528
-47583496
-47599944
-47611288
-47660952
-47938584
-47999352
-48042664
-48291448
-48516504
-48565496
-48660728
-48960888
-48974440
-48989480
-49088008
-49102664
-49248664
-49305784
-49346056
-49410008
-49464472
-49479976
-49526616
-49668936
-49789912
-49845416
-50209592
-50254824
-50548296
-50620472
-50689256
-50743272
-50747848
-50886056
-50935016
-51029224
-51170520
-51263704
-51438984
-52133176
-52289384
-52626952
-52692856
-52861048
-52923080
-53064984
-53071624
-53080712
-53227640
-53287064
-53292520
-53330344
-53515528
-53764952
-53775240
-53864216
-53956552
-54020488
-54024824
-54066984
-54155032
-54214968
-54285384
-54344168
-54554824
-54694344
-54773416
-54865768
-55131288
-55205944
-55252888
-55278680
-55306856
-55372472
-55382744
-55509384
-55651624
-55668792
-55764040
-55825192
-56003496
-56715240
-56980808
-57005704
-57189768
-57349112
-57383512
-57436376
-57746136
-57928664
-58016280
-58135256
-58492984
-58645928
-58696584
-58729384
-58991736
-59167560
-59214632
-59240888
-59372328
-59374136
-59742264
-59773112
-59808072
-59959288
-60010440
-60108792
-60453608
-60530312
-60631448
-60657464
-60688184
-60780392
-60840552
-60943352
-60992184
-61162968
-61233832
-61312296
-61567736
-61580984
-61742728
-61750408
-61766072
-61779560
-61852088
-61888344
-61959432
-61991976
-62026312
-62042536
-62104024
-62214664
-62269464
-62466072
-62884792
-63011384
-63161080
-63265288
-63289464
-63352504
-63804072
-63849176
-63917256
-64065912
-64085640
-64101048
-64171464
-64263736
-64519432
-64543224
-64611224
-64696136
-64819320
-64843384
-64853112
-64879544
-65004568
-65038792
-65075416
-65146408
-65198328
-65412456
-65578488
-65678888
-65727752
-65790248
-65992344
-66039144
-66055560
-66065304
-66120184
-66137144
-66139656
-66189192
-66506664
-66663608
-66727976
-66984504
-67033896
-67160296
-67196392
-67330648
-67334584
-67867688
-68115640
-68123560
-68196088
-68374536
-68417624
-68430520
-68457256
-68628632
-68722312
-68728952
-68808824
-68872760
-69002632
-69129976
-69241416
-69386248
-69431560
-69507336
-69512408
-69630584
-69684184
-69890952
-70034536
-70109528
-70324296
-70603672
-70692648
-70822104
-70851880
-70939144
-71038920
-71102264
-71201544
-71275160
-71354024
-71395192
-71421304
-71435464
-71465624
-71528872
-71649704
-71683032
-71880472
-72017512
-72290552
-72304552
-72657480
-72734376
-72828312
-73088808
-73211512
-73440440
-73443080
-73493048
-73495384
-73619512
-73966168
-73980328
-74086840
-74671544
-74767048
-74792696
-74831448
-74854504
-75004984
-75031448
-75069224
-75142984
-75359144
-75412232
-75477608
-75490536
-75517912
-75582664
-75632920
-75649880
-75704968
-75761944
-75888744
-75895528
-76133288
-76174888
-76204280
-76433160
-76441128
-76533080
-76549912
-76738744
-76943144
-76954360
-76970968
-77337928
-77339976
-77451896
-77474072
-77494728
-77545464
-77587624
-77905752
-77911688
-78057528
-78200184
-78537864
-78709864
-78854968
-78951416
-79079864
-79151656
-79358488
-79364744
-79403176
-79820392
-79848184
-79973896
-79987272
-80057784
-80225768
-80230792
-80345560
-80453368
-80607624
-80960312
-81100088
-81117944
-81192536
-81256568
-81318376
-81419880
-81461560
-81539624
-81548984
-81638808
-81657944
-81689512
-81868552
-81905464
-82002136
-82140232
-82496568
-82499752
-82702088
-82809944
-82850808
-82872712
-82908136
-83140696
-83496568
-83653528
-83714264
-83755192
-83881624
-83905256
-83981432
-84055096
-84188152
-84250312
-84416072
-84467512
-84471704
-84780840
-84876904
-84999352
-85047656
-85062856
-85177704
-85401208
-85451848
-85507592
-85587352
-85617320
-85650440
-85717752
-85751624
-85792856
-85951560
-86038696
-86261736
-86411288
-86592056
-86602872
-86750952
-86781560
-86819736
-86848024
-86864856
-86865016
-87299112
-87429704
-87495096
-87611464
-87666616
-87849656
-88081080
-88196888
-88272776
-88558232
-88654712
-88708232
-88754888
-88773368
-88846760
-88879432
-88929496
-88941784
-89091736
-89103112
-89145048
-89258264
-89337704
-89338056
-89341736
-89416792
-89511944
-89524504
-89633848
-90012824
-90039736
-90269656
-90428968
-90450040
-90456536
-90479336
-90720472
-90723032
-90738520
-90798248
-90891784
-90923960
-90956616
-90969064
-91055096
-91081736
-91129816
-91314152
-91340840
-91478840
-91591144
-91721144
-91864456
-91963896
-92047192
-92443736
-92614456
-92643384
-92655960
-92679544
-92765656
-92777880
-92873960
-92909048
-93023224
-93105976
-93494440
-93551048
-93631256
-93808648
-93962472
-94002088
-94059528
-94136264
-94282088
-94551320
-94558920
-94573256
-94610792
-94797320
-94876360
-95101768
-95383704
-95585496
-95599608
-95646808
-95750056
-95761432
-95818760
-96025256
-96071320
-96314568
-96345352
-96452232
-96799976
-96883160
-96951128
-97019144
-97037224
-97497640
-97652680
-97848552
-97891048
-98065576
-98224440
-98249880
-98327688
-98551528
-98558728
-98588568
-98789960
-98819256
-98972824
-98975496
-99473352
-99491352
-99532840
-99627544
-99689928
-99863688
