-208084
-654468
-660356
-947028
-998708
-1231060
-1332644
-1584708
-1851188
-1953044
-2304724
-2369492
-2442020
-2998004
-3021828
-3613604
-3627588
-4111508
-4239988
-4448708
-4720292
-4773684
-4785524
-4877044
-5131220
-5133652
-5477716
-5552468
-6147748
-6163860
-6407428
-6588964
-6722564
-6780244
-6796436
-6921364
-7102468
-7105188
-7106020
-7219588
-7370052
-7420692
-7464388
-7514772
-7723604
-7810196
-8001156
-8036004
-8454260
-8858036
-8901332
-9062612
-9202436
-9560516
-9569876
-9579044
-9697188
-10474116
-10663636
-10984724
-11162708
-11273604
-11287076
-11408116
-11447540
-11517508
-11832740
-11838084
-11879284
-12154884
-12218628
-12315316
-12519044
-12559188
-12602932
-12685092
-12907940
-12908356
-12981460
-13055972
-13134916
-13209780
-13215412
-13273764
-13317044
-13356644
-13759556
-13813876
-13887876
-14139364
-14539236
-14581492
-14984836
-14993924
-15129444
-15180404
-15331236
-15632948
-15966244
-16244996
-16332340
-16355172
-16423364
-16770772
-16823588
-16960484
-17116052
-17254212
-17275204
-17586068
-17671796
-17722276
-18205780
-18485044
-18695108
-18747428
-18889028
-19050916
-19074788
-19112388
-19163380
-19382068
-19626004
-19681124
