-134059
-298483
-426291
-430411
-460523
-475355
-682811
-878387
-1023347
-1430867
-1622491
-2053411
-2247163
-2396883
-2406779
-2684811
-2688395
-2709419
-2745499
-2792563
-2871899
-2899643
-2923563
-2970763
-3012019
-3041051
-3064459
-3228595
-3327083
-3332779
-3339251
-3360883
-3568355
-3591339
-3595467
-3595827
-3599755
-3650203
-3717643
-3721755
-3781891
-3822331
-3826859
-3832435
-3832787
-3896059
-3896555
-3943587
-3961115
-4046547
-4093483
-4093987
-4234699
-4251587
-4255099
-4326899
-4356619
-4432163
-4471339
-4483499
-4534147
-4592235
-4619291
-4624547
-4653771
-4680203
-4698587
-4920835
-4942027
-4971155
-4980011
-4998691
-5021347
-5044547
-5123707
-5184227
-5315451
-5382915
-5447211
-5589139
-5648651
-5667531
-5668867
-5686339
-5721395
-5734067
-5737979
-5798939
-5909019
-5914619
-6069755
-6073315
-6155083
-6161515
-6261683
-6296595
-6313771
-6508291
-6582619
-6619299
-6719395
-6794419
-6880051
-6897531
-6987931
-7037691
-7137587
-7137971
-7149155
-7183651
-7327739
-7417987
-7452083
-7498043
-7556947
-7589139
-7622011
-7658187
-7677811
-7689299
-7703939
-7707939
-7772627
-7809019
-7917899
-7941731
-7996019
-8019659
-8093291
-8129323
-8184659
-8187139
-8256619
-8284827
-8365827
-8474531
-8490363
-8508523
-8572147
-8637891
-8663955
-8680755
-8742795
-8779403
-8876843
-8885027
-8959283
-9192451
-9200307
-9312011
-9338867
-9346171
-9377219
-9609403
-9665979
-9833955
-9873139
-9918523
-9950267
-9988683
-10002459
-10038355
-10100083
-10111499
-10130779
-10150755
-10176539
-10198219
-10286411
-10330211
-10370603
-10456291
-10499147
-10564619
-10690923
-10733867
-10742251
-10797627
-10809787
-10837115
-10924547
-10983731
-11041171
-11052371
-11107923
-11112139
-11113563
-11114299
-11155531
-11163155
-11241851
-11304491
-11359963
-11367563
-11426099
-11662995
-11736403
-11789483
-11915587
-11981891
-12012699
-12044003
-12170363
-12323211
-12445651
-12509971
-12532099
-12554083
-12608915
-12809899
-13014563
-13024771
-13027427
-13029243
-13030147
-13034123
-13083883
-13145123
-13160091
-13189971
-13484243
-13710643
-13789147
-13806451
-13855883
-13935395
-13977203
-13977571
-14015011
-14058739
-14089731
-14091083
-14138267
-14326203
-14577235
-14669347
-14698259
-14806435
-14876339
-14902611
-15042011
-15133123
-15184867
-15260123
-15270515
-15274803
-15311235
-15418083
-15508083
-15547699
-15566363
-15578139
-15704403
-15816899
-15871963
-15922235
-16019043
-16063283
-16265339
-16268259
-16413491
-16481571
-16635747
-16643923
-16675259
-16684179
-16772083
-16790939
-16795619
-16948099
-16996907
-17007683
-17021443
-17150307
-17180979
-17292491
-17406507
-17440867
-17547171
-17634507
-17658611
-17711923
-17766563
-17796795
-17879083
-17909443
-17925267
-17934139
-17987379
-17990483
-18018699
-18136299
-18212163
-18554867
-18611635
-18657571
-18751043
-18798355
-18838419
-18887811
-18911419
-18977347
-19165819
-19186787
-19235219
-19239099
-19303091
-19430323
-19440123
-19440899
-19453403
-19639099
-19746083
-19820923
-19832187
-19922027
-19942667
-20006515
-20014355
-20025595
-20061659
-20313579
-20350067
-20393387
-20586691
-20626427
-20653955
-20656643
-20682403
-20704715
-20713395
-20723315
-20733731
-20972563
-21064363
-21079443
-21081027
-21409771
-21456331
-21522955
-21524507
-21576403
-21692443
-21692707
-21825427
-22004691
-22009763
-22031563
-22077355
-22218339
-22326139
-22347059
-22352107
-22405955
-22415267
-22459171
-22471179
-22688651
-22716699
-22841363
-22874691
-23082611
-23127419
-23163139
-23210731
-23211635
-23244011
-23289779
-23290979
-23301835
-23324155
-23329731
-23336107
-23342019
-23362979
-23369187
-23510299
-23684323
-23736787
-23738179
-23881107
-23945163
-23945819
-23984579
-24004011
-24043587
-24051563
-24144931
-24192683
-24213563
-24215483
-24424419
-24501163
-24512403
-24523307
-24632515
-24638107
-24738211
-24768803
-24824323
-24840291
-25027907
-25046715
-25085419
-25130971
-25154563
-25172555
-25220947
-25275323
-25373627
-25432763
-25562963
-25615203
-25817835
-25855211
-25897651
-25924691
-25992091
-26019419
-26023827
-26061987
-26206995
-26275683
-26286619
-26329691
-26382731
-26531659
-26563971
-26691923
-26774203
-26777283
-26920147
-26944259
-26950027
-26982523
-27084507
-27176147
-27252035
-27351299
-27480899
-27505939
-27665203
-27715403
-27773915
-27795547
-27810739
-27813019
-27814731
-27836531
-27920931
-28023851
-28063219
-28173507
-28175891
-28180699
-28210363
-28210467
-28269627
-28305163
-28307523
-28423491
-28443315
-28473163
-28493507
-28543003
-28607515
-28891067
-28895403
-28949131
-28981923
-29041379
-29107835
-29124995
-29189747
-29246003
-29339619
-29356411
-29367203
-29377699
-29387195
-29516163
-29554619
-29599627
-29628971
-29631491
-29641603
-29758243
-29847907
-29923883
-30047979
-30052955
-30134867
-30201715
-30261331
-30308539
-30391611
-30405691
-30446843
-30464683
-30478611
-30515507
-30653083
-30778003
-30841715
-30862243
-30918667
-30962315
-31084003
-31120235
-31174107
-31212763
-31281539
-31311939
-31352755
-31483787
-31490987
-31525411
-31589403
-31714755
-31745011
-31768867
-31791083
-32018115
-32045459
-32108403
-32282923
-32343763
-32442467
-32445755
-32600227
-32636323
-32648587
-32655131
-32666603
-32672355
-32717803
-32931115
-32950483
-32964035
-33027763
-33040347
-33072355
-33196395
-33240707
-33240979
-33393443
-33398867
-33434547
-33461483
-33537307
-33577507
-33686603
-33744907
-33800619
-33857499
-33991163
-34060459
-34121419
-34261379
-34298803
-34370211
-34483227
-34613787
-34643499
-34790019
-34843283
-34886987
-34928683
-35032627
-35094011
-35111171
-35336163
-35351331
-35354155
-35386939
-35536811
-35613355
-35738411
-35757499
-35801371
-35878523
-35903923
-35978107
-36118595
-36131891
-36132739
-36149387
-36150659
-36171043
-36273963
-36308235
-36351011
-36357259
-36363723
-36492667
-36533707
-36584547
-36723827
-36762699
-36821643
-36920443
-37096379
-37099979
-37121299
-37274947
-37304659
-37347043
-37370419
-37390715
-37393611
-37439331
-37449467
-37465555
-37594019
-37689531
-37781347
-37834867
-38021491
-38057539
-38107411
-38282131
-38321099
-38365507
-38403683
-38466307
-38474531
-38495203
-38519179
-38540883
-38549507
-38572003
-38725995
-38728283
-38823211
-38883611
-38958571
-38984707
-39229491
-39256867
-39259067
-39510883
-39542315
-39595051
-39598819
-39604003
-39653579
-39670107
-39720091
-39724667
-39853923
-39887203
-39938035
-39943435
-39956195
-40020779
-40026259
-40117947
-40118459
-40269419
-40357739
-40386179
-40411115
-40466531
-40540339
-40598939
-40640035
-40838595
-40848603
-41008907
-41192211
-41294227
-41319611
-41323979
-41325427
-41558187
-41559811
-41635995
-41643307
-41647771
-41668163
-41669083
-41716355
-41720099
-41766739
-41769467
-41909555
-41933379
-42024715
-42029347
-42030619
-42075403
-42079507
-42140243
-42201059
-42206443
-42249507
-42284579
-42295587
-42297771
-42379379
-42480691
-42506427
-42519531
-42651955
-42795523
-42802131
-42806859
-42831643
-42928483
-42932899
-42938819
-42945323
-42955763
-42957491
-42962923
-43013971
-43062819
-43092947
-43143859
-43348499
-43348595
-43460555
-43495195
-43583291
-43599259
-43614859
-43658171
-43786283
-43828435
-43890059
-43959299
-44058787
-44113243
-44136699
-44278987
-44342347
-44360547
-44526859
-44586691
-44685523
-44720435
-44756995
-44769251
-44817131
-44888987
-44901179
-44945243
-45003227
-45005467
-45076339
-45086163
-45102187
-45137931
-45204307
-45259491
-45324787
-45342915
-45486139
-45489059
-45503043
-45560819
-45573811
-45632107
-45701035
-45706067
-45744459
-45792651
-45796227
-45845907
-45846811
-45990723
-46000891
-46019795
-46190211
-46191035
-46215371
-46216771
-46352827
-46364491
-46639091
-46776835
-46777971
-46951291
-46986059
-47023019
-47060155
-47074819
-47117571
-47132427
-47134027
-47136419
-47178427
-47308227
-47514883
-47534843
-47649091
-47663779
-47698811
-47704555
-47720603
-47723531
-47731931
-47732579
-47792243
-47800123
-47801995
-47815419
-47875427
-47876707
-47899299
-47955867
-47972603
-48004211
-48038203
-48062651
-48105787
-48177331
-48219803
-48221011
-48275115
-48278939
-48284979
-48320291
-48333539
-48430547
-48448955
-48482867
-48611963
-48629851
-48632819
-48910291
-49027091
-49064963
-49081867
-49103747
-49117323
-49123307
-49144371
-49188099
-49190491
-49202779
-49204147
-49214219
-49271851
-49277955
-49380859
-49550771
-49559203
-49589131
-49714739
-49801435
-49837971
-49896643
-49920491
-49937603
-49963907
-50020459
-50072795
-50141291
-50207539
-50306851
-50313203
-50326347
-50367403
-50391491
-50463827
-50553555
-50631923
-50660795
-50744027
-50751443
-50792723
-50816523
-50822747
-50976291
-51094499
-51108235
-51138859
-51163411
-51192427
-51248059
-51335539
-51338211
-51375163
-51489339
-51503251
-51535891
-51740499
-51784923
-51849483
-51859299
-51859555
-51895091
-51899915
-51906947
-51907139
-51955763
-52021531
-52139419
-52186899
-52243179
-52260547
-52282595
-52376035
-52499347
-52539131
-52556251
-52673435
-52714595
-52759883
-52798091
-52817187
-52856587
-52921659
-52937171
-52949123
-52969899
-53106251
-53209523
-53215123
-53221811
-53259755
-53341435
-53348171
-53358355
-53372659
-53448731
-53566203
-53618651
-53677627
-53700883
-53732859
-53744411
-53757435
-53984235
-53991811
-54221099
-54222331
-54342811
-54366051
-54419411
-54493003
-54563867
-54624307
-54647899
-54654403
-54779707
-54883979
-54912539
-55002083
-55064123
-55090283
-55110323
-55193467
-55235987
-55313131
-55331347
-55374891
-55380603
-55384059
-55497115
-55536971
-55551331
-55625763
-55656723
-55671523
-55671659
-55687379
-55784467
-55827947
-55830291
-55837707
-55841635
-55865611
-55912971
-55926795
-55976539
-55994331
-56012795
-56041379
-56049411
-56132443
-56139283
-56220619
-56428667
-56553603
-56569691
-56597227
-56754059
-56867563
-57047803
-57115019
-57180387
-57284483
-57313171
-57357091
-57379699
-57409507
-57527579
-57690203
-57698803
-57727987
-57751091
-57803123
-57816923
-57872099
-57872811
-57924211
-57954171
-58092395
-58101307
-58124899
-58180435
-58195867
-58216939
-58257115
-58330723
-58409267
-58427203
-58464267
-58494003
-58570683
-58652987
-58700107
-58852787
-58867707
-59007115
-59013323
-59136259
-59178867
-59233595
-59249667
-59272747
-59299835
-59362531
-59431883
-59468699
-59619259
-59821091
-59862011
-59881379
-59883451
-59968219
-60013747
-60019683
-60053627
-60101707
-60117083
-60181043
-60213587
-60223979
-60268595
-60320355
-60334483
-60378947
-60523123
-60552579
-60577883
-60643259
-60681547
-60714195
-60795251
-60956363
-60961619
-60969091
-61015523
-61037203
-61040011
-61137339
-61297059
-61426779
-61427747
-61444739
-61507195
-61588259
-61752379
-61796507
-61886027
-61916387
-61989539
-62109195
-62184251
-62197955
-62267539
-62299563
-62377691
-62402219
-62424235
-62446219
-62517323
-62525643
-62729971
-62757155
-62764851
-62869979
-62956531
-62970107
-62973107
-63063523
-63248235
-63283251
-63321467
-63346027
-63511483
-63538755
-63560667
-63671347
-63712555
-63736027
-63814187
-63883267
-64087691
-64150755
-64248563
-64287091
-64323147
-64341971
-64457267
-64499979
-64647859
-64664627
-64668379
-64729867
-64775507
-64953803
-65079283
-65083939
-65164963
-65201123
-65257723
-65269099
-65328635
-65399667
-65432987
-65437939
-65451259
-65465563
-65515331
-65524899
-65535179
-65615667
-65676683
-65812291
-65873155
-65903827
-65960067
-66027691
-66054211
-66174179
-66294483
-66336179
-66414443
-66415467
-66427963
-66527899
-66573571
-66697107
-66763451
-66871339
-66881779
-66923291
-67191235
-67244019
-67370763
-67375643
-67394707
-67449499
-67590163
-67648771
-67653939
-67680939
-67736635
-67846651
-67854731
-67902971
-67923691
-67973915
-68019459
-68044747
-68094123
-68276083
-68278931
-68314243
-68324739
-68335043
-68497163
-68523827
-68530579
-68640187
-68658131
-68770507
-68831803
-68887979
-69024707
-69043403
-69120395
-69134451
-69228627
-69248899
-69338531
-69347851
-69398563
-69399011
-69400667
-69404267
-69458731
-69465507
-69499019
-69501131
-69535787
-69559019
-69560083
-69664795
-69681715
-69691363
-69729387
-69764051
-69769171
-69811963
-69835883
-69904243
-69907883
-69981123
-69995515
-70037979
-70219459
-70224803
-70279315
-70293163
-70342427
-70384947
-70501355
-70583011
-70791163
-70863307
-70891523
-70899963
-71038859
-71047811
-71101155
-71101563
-71164963
-71169035
-71197139
-71251867
-71312491
-71374651
-71503363
-71524963
-71569571
-71606283
-71606891
-71633163
-71654963
-71679691
-71698011
-71859083
-71903211
-71926435
-71947267
-71992939
-72032899
-72090587
-72115971
-72138163
-72170043
-72190851
-72212163
-72287387
-72295763
-72302379
-72435659
-72439683
-72594851
-72683963
-72698299
-72718435
-72718539
-72741867
-72749723
-72780883
-72782979
-72808091
-72904267
-72933539
-72964059
-73053115
-73056867
-73071867
-73129499
-73325523
-73346259
-73384339
-73586251
-73616347
-73616779
-73639731
-73719203
-73731963
-73757051
-73771131
-73847627
-73850851
-73966339
-73966691
-74013035
-74184307
-74217083
-74248611
-74286659
-74301323
-74385331
-74397291
-74404619
-74492939
-74517659
-74541323
-74566211
-74615883
-74623363
-74657531
-74777667
-74825419
-74909123
-74954147
-75057083
-75061067
-75066459
-75299619
-75325259
-75422723
-75488299
-75599043
-75623099
-75641491
-75694179
-75741843
-75774291
-75788443
-75887899
-75910267
-75950555
-75965235
-76041787
-76068771
-76077091
-76129763
-76171715
-76223595
-76296347
-76306043
-76430163
-76430723
-76510555
-76611171
-76653443
-76742331
-76777635
-76793251
-76883947
-76897459
-76902123
-76930091
-76974787
-77020363
-77089939
-77102995
-77192331
-77212979
-77226699
-77245003
-77247467
-77269979
-77294891
-77307547
-77375995
-77454659
-77491131
-77548379
-77596179
-77623851
-77627147
-77734707
-77741907
-77815787
-77891419
-78059931
-78093947
-78134843
-78192411
-78251331
-78271395
-78306539
-78327187
-78448427
-78478283
-78526667
-78555723
-78574819
-78609187
-78617091
-78631979
-78686003
-78686555
-78768219
-78770059
-78854387
-78891811
-78956859
-78985091
-79053099
-79064147
-79125699
-79216691
-79219491
-79227323
-79233891
-79378899
-79443323
-79444931
-79453915
-79497851
-79506515
-79591267
-79657059
-79768411
-79825843
-79973331
-79985467
-80069579
-80117819
-80194363
-80206435
-80211259
-80213179
-80271339
-80322299
-80337091
-80393539
-80518019
-80544667
-80551995
-80660235
-80673339
-80711515
-80749843
-80751811
-81027707
-81120603
-81139243
-81230043
-81303699
-81313819
-81328723
-81455923
-81479395
-81502819
-81589619
-81605851
-81649299
-81790795
-82032587
-82068931
-82098187
-82166515
-82260131
-82305779
-82333819
-82462803
-82464171
-82471195
-82569371
-82576531
-82639307
-82659571
-82674379
-82792315
-82817491
-82847131
-82851531
-82856811
-82920659
-82960403
-82975187
-82999955
-83061803
-83142923
-83286507
-83309307
-83357203
-83414795
-83488763
-83519443
-83597459
-83678779
-83692915
-83823027
-83864299
-83865419
-83897619
-83974963
-83994331
-83999203
-84010667
-84094187
-84186643
-84201451
-84203283
-84247347
-84313211
-84564107
-84585043
-84662403
-84664195
-84786419
-84860043
-84884851
-84911907
-84980587
-84981531
-85006531
-85034059
-85044307
-85058563
-85139603
-85160667
-85210651
-85337267
-85360579
-85451027
-85551571
-85581499
-85611827
-85613243
-85622779
-85699435
-85707555
-85741827
-85773379
-85848355
-85870027
-85933123
-85939579
-85955891
-85990435
-86168507
-86194867
-86222819
-86263427
-86325715
-86361523
-86370707
-86416843
-86462371
-86563315
-86599379
-86629091
-86731763
-86734379
-86805539
-86847051
-86928595
-86962891
-87006803
-87043987
-87063747
-87145739
-87246931
-87341979
-87370915
-87458763
-87474491
-87510563
-87567171
-87592963
-87606507
-87643187
-87697523
-87763179
-87775123
-87795363
-87878507
-87969899
-87980115
-88027523
-88067051
-88089459
-88220003
-88271259
-88373299
-88458755
-88465371
-88510459
-88575427
-88587523
-88634995
-88638411
-88644251
-88668643
-88709219
-88877587
-88930019
-88932219
-88985219
-89016083
-89169235
-89270203
-89317883
-89337643
-89362267
-89369499
-89392243
-89488347
-89511059
-89511403
-89521467
-89532659
-89536027
-89539339
-89598755
-89722443
-89734643
-89872939
-89924987
-89956731
-89990371
-89998771
-90001451
-90170499
-90342195
-90369043
-90385123
-90431267
-90486019
-90671203
-90677483
-90687099
-90693979
-90773819
-90809371
-90861387
-90904603
-90915331
-91007763
-91011291
-91103659
-91134787
-91159403
-91235371
-91293091
-91320787
-91375171
-91380731
-91474995
-91482587
-91542251
-91582955
-91603835
-91655259
-91719731
-91810883
-91814963
-91901299
-91981883
-91993283
-91996139
-92059051
-92075651
-92171955
-92188299
-92290611
-92292011
-92303779
-92361763
-92399867
-92452003
-92454179
-92626579
-92637939
-92640579
-92660763
-92671483
-92728019
-92782299
-92910891
-92922611
-92938803
-92996339
-93022347
-93034443
-93146707
-93220027
-93303251
-93373131
-93430355
-93435811
-93459155
-93516827
-93699251
-93739931
-93831235
-93875587
-93920011
-94085659
-94241419
-94292563
-94322139
-94326171
-94363059
-94409907
-94462307
-94508339
-94634067
-94645963
-94701603
-94781867
-94800091
-95239491
-95279883
-95340907
-95349203
-95360195
-95434379
-95533035
-95593083
-95680555
-95767651
-95784099
-95804899
-95822859
-95867459
-95982835
-96123419
-96218195
-96237003
-96253107
-96374555
-96381355
-96388259
-96462451
-96483043
-96487987
-96504499
-96626539
-96737611
-96987171
-97098163
-97147955
-97211683
-97241539
-97257659
-97348427
-97349579
-97357651
-97426163
-97449323
-97478371
-97483739
-97545315
-97662091
-97684283
-97718555
-97745379
-97757923
-97866683
-97880227
-97895067
-97911203
-97921259
-97925531
-97963435
-97999147
-98051723
-98221227
-98271067
-98274283
-98347763
-98362363
-98394979
-98400451
-98467691
-98506579
-98516059
-98548547
-98683811
-98710931
-98786579
-98808331
-98861947
-99104987
-99160971
-99172923
-99178035
-99365619
-99673307
-99677587
-99915099
