-351751
-552767
-647359
-690503
-727087
-729447
-962351
-1063943
-1332167
-1333159
-1443567
-1455583
-1510343
-1609871
-1667695
-1871295
-2154407
-2208039
-2382751
-2383711
-2469455
-2661463
-2698167
-2749935
-2910695
-2921791
-3042687
-3110007
-3307895
-3320967
-3436215
-3486191
-3617671
-3649823
-3724247
-3793039
-3814359
-4023751
-4138927
-4160671
-4194031
-4350047
-4393183
-4465599
-4583063
-4713807
-4980959
-5118887
-5181455
-5220839
-5301199
-5405551
-5438303
-5653887
-5689823
-5709079
-5822511
-5835407
-5876447
-6068023
-6207263
-6214143
-6271439
-6297303
-6358719
-6437111
-6438247
-6449671
-6583303
-6610551
-6676399
-6712519
-6714527
-6953767
-6967399
-7002663
-7139879
-7345319
-7817063
-7878855
-7931463
-8013271
-8077255
-8181359
-8195127
-8197111
-8225023
-8302919
-8367751
-8387831
-8449279
-8499215
-8534199
-8561039
-8563551
-8689183
-8821407
-8919247
-8938839
-9269583
-9345527
-9420431
-9539135
-9575583
-9585815
-9592599
-9785159
-9812559
-9819239
-9820855
-9942455
-9973119
-10070247
-10096735
-10159703
-10353039
-10422695
-10543831
-10610047
-10617631
-10683319
-10853711
-10873087
-10880767
-11013839
-11057719
-11070671
-11319991
-11334095
-11348815
-11394591
-11408847
-11444127
-11485383
-11509359
-11549015
-11646823
-11723719
-11796727
-11817079
-11831079
-11878631
-11925815
-12084407
-12107431
-12130343
-12232871
-12233695
-12271839
-12346815
-12423047
-12484343
-12577903
-12949079
-13120607
-13245711
-13256079
-13261711
-13319007
-13388983
-13442911
-13485999
-13650431
-13678599
-13698463
-13728007
-13742967
-13789247
-13984327
-14020415
-14058463
-14153159
-14208415
-14220039
-14351567
-14449847
-14548295
-14609183
-14669399
-14715967
-14906431
-14915527
-15045071
-15051991
-15146391
-15198103
-15220327
-15231927
-15353551
-15493327
-15512415
-15669751
-15707671
-15733903
-15738007
-15790623
-15909279
-15923735
-15933367
-15954383
-16039343
-16103615
-16108031
-16111039
-16131999
-16265335
-16372599
-16390031
-16408319
-16529167
-16601839
-16650791
-16667479
-16697359
-16789751
-16802887
-16855303
-16936519
-16963015
-16994567
-17231023
-17279031
-17282487
-17287159
-17339487
-17342671
-17427959
-17450783
-17504687
-17569855
-17646271
-17692271
-17694695
-17736279
-17738311
-17739591
-17921047
-17927871
-17947343
-17958791
-18003111
-18169535
-18285023
-18302695
-18336263
-18354495
-18425287
-18481231
-18498095
-18511111
-18536271
-18570991
-18631823
-18641191
-18960463
-18975623
-19036407
-19098719
-19142711
-19144879
-19179463
-19180391
-19220439
-19228279
-19242967
-19262911
-19370543
-19374287
-19541927
-19578271
-19631479
-19730143
-19771039
-19778367
-19959247
-19985255
-20006407
-20082215
-20149903
-20186615
-20213671
-20291591
-20333887
-20428103
-20499967
-20562815
-20638783
-20656919
-20719559
-20731231
-20765543
-20996151
-21013007
-21073431
-21170983
-21201783
-21352391
-21389511
-21474295
-21612183
-21623079
-21650255
-21775783
-22055279
-22091527
-22094623
-22191711
-22271839
-22349247
-22360431
-22387207
-22393927
-22502687
-22531151
-22616071
-22644631
-22647935
-22666127
-22764479
-22911863
-22920999
-22965863
-23090015
-23109455
-23179463
-23325599
-23353015
-23366703
-23455927
-23478343
-23621655
-23705095
-23724007
-23725255
-23747719
-23818847
-23859319
-23865431
-23905711
-23923335
-23940519
-23974415
-24023479
-24065855
-24166271
-24186039
-24205135
-24238703
-24277223
-24402855
-24425015
-24463183
-24546487
-24557279
-24793239
-24812639
-24898351
-24903359
-25025959
-25045535
-25097367
-25110911
-25158927
-25186415
-25187647
-25307807
-25406103
-25414447
-25554135
-25562455
-25658943
-25672063
-25731439
-25776847
-25809551
-25855951
-25885079
-25991159
-26002207
-26060655
-26208991
-26225223
-26240591
-26248031
-26271159
-26283119
-26283247
-26322943
-26327191
-26334759
-26345615
-26360367
-26413039
-26422487
-26566079
-26583735
-26740279
-26750327
-26767679
-26788687
-26798327
-26832927
-26843063
-26922503
-26985119
-26985887
-26995367
-27002919
-27016503
-27121663
-27233599
-27255495
-27297295
-27410527
-27484367
-27549559
-27628279
-27774623
-27866607
-28017591
-28055623
-28089535
-28176623
-28178447
-28265071
-28272535
-28377023
-28382943
-28493911
-28564831
-28593887
-28620615
-28640071
-28913799
-28922191
-28959935
-29008471
-29071255
-29338103
-29347663
-29571031
-29575735
-29608959
-29624255
-29689927
-29852439
-29884343
-29980711
-29993455
-30062599
-30124655
-30125031
-30192023
-30253951
-30404887
-30446367
-30480103
-30532655
-30570143
-30590471
-30952999
-30963223
-30978615
-31090655
-31362263
-31381895
-31459327
-31461271
-31615303
-31655927
-31664831
-31792551
-31841111
-31868223
-31957879
-32023983
-32059895
-32157831
-32263343
-32292383
-32380855
-32388271
-32422279
-32472847
-32483991
-32532263
-32544887
-32584479
-32603623
-32635247
-32653967
-32690535
-32837295
-32960983
-32964591
-32993759
-33022311
-33299231
-33388487
-33444551
-33764327
-33826551
-33834687
-33963359
-33978135
-34059535
-34065463
-34103607
-34133871
-34204943
-34212167
-34265631
-34291383
-34293247
-34304503
-34342815
-34381559
-34395295
-34410743
-34436247
-34465063
-34662311
-34789823
-34797895
-34818287
-34830655
-34871711
-34956543
-34960639
-34964583
-35086799
-35089287
-35110455
-35180911
-35351255
-35424967
-35433079
-35499959
-35508351
-35567767
-35626927
-35649007
-35693143
-35738903
-35751647
-35918423
-35937023
-35963759
-36006559
-36046559
-36054831
-36156223
-36222407
-36258335
-36506983
-36515471
-36526855
-36558055
-36636287
-36682743
-36698935
-36705255
-36770135
-36818087
-36874919
-36896191
-36935503
-37060663
-37090839
-37184159
-37184847
-37348943
-37375799
-37401447
-37493655
-37522271
-37635703
-37645327
-37712039
-37723071
-37745295
-37857407
-37863487
-37954199
-38066303
-38067455
-38067871
-38095199
-38098583
-38106695
-38155463
-38249927
-38336071
-38385663
-38401703
-38401991
-38404023
-38493615
-38501623
-38533895
-38570207
-38574311
-38604711
-38690255
-38715207
-38766023
-38936287
-38958215
-38975455
-39045351
-39128783
-39162311
-39204663
-39268663
-39290743
-39397951
-39422143
-39444943
-39520423
-39552143
-39552599
-39616895
-39634503
-39682735
-39785199
-39886543
-39959119
-39971399
-40083223
-40151855
-40209655
-40313607
-40372159
-40465871
-40498567
-40553663
-40563743
-40578935
-40579639
-40624543
-40666431
-40905407
-41102007
-41157447
-41284831
-41361815
-41389791
-41437199
-41539431
-41557287
-41577895
-41675863
-41855527
-41857031
-41903359
-41924143
-41955167
-41991007
-42120767
-42149463
-42171719
-42329447
-42481111
-42525823
-42542591
-42566183
-42715535
-42791591
-42809015
-42846735
-42915431
-42925935
-42954415
-42985519
-42985751
-43268455
-43397207
-43563127
-43635311
-43655727
-43684167
-43688663
-43772199
-43802511
-43812847
-43846199
-43905215
-43950183
-43954727
-44133719
-44135239
-44177423
-44239071
-44249367
-44384215
-44507759
-44517919
-44603935
-44638903
-44674167
-44714623
-44802031
-44834863
-44835527
-44884751
-44925031
-45030727
-45079527
-45099831
-45102567
-45111055
-45219703
-45256991
-45266335
-45284999
-45334543
-45386167
-45425743
-45507359
-45543423
-45567223
-45587599
-45790471
-45820087
-45882103
-46042095
-46311167
-46359311
-46390119
-46393311
-46417911
-46428519
-46482727
-46496351
-46602943
-46617351
-46686711
-46869703
-46982063
-47116031
-47129663
-47248143
-47354063
-47380935
-47515087
-47532271
-47604215
-47622143
-47683799
-47684127
-47690951
-47701111
-47717191
-47784551
-47913199
-47927431
-48035407
-48139959
-48210503
-48243023
-48428879
-48451199
-48607063
-48663487
-48803295
-48869879
-48959215
-49025063
-49081071
-49304543
-49309823
-49386703
-49504423
-49611919
-49640927
-49748623
-49841423
-50053439
-50061255
-50248663
-50250911
-50399279
-50584479
-50637871
-50654247
-50742143
-50757751
-50770903
-50842007
-50885959
-50896567
-50905927
-51003815
-51022207
-51026999
-51045743
-51147231
-51299983
-51353319
-51377871
-51417311
-51556287
-51610703
-51705559
-51751999
-51769087
-51774047
-51805399
-51828663
-51851631
-51855919
-51906287
-51950567
-52063879
-52109783
-52112415
-52115295
-52162831
-52191671
-52195839
-52202343
-52225151
-52238167
-52335167
-52351399
-52392127
-52432919
-52512391
-52530263
-52537295
-52579623
-52594719
-52645631
-52700407
-52839871
-52880007
-52902511
-52907007
-53004255
-53006719
-53031031
-53037807
-53070783
-53129103
-53166247
-53197943
-53242511
-53253959
-53278247
-53299703
-53551023
-53602591
-53722887
-53772415
-53811519
-53823791
-53912687
-53915231
-53938391
-54085271
-54086911
-54099103
-54173207
-54404519
-54410527
-54416311
-54598943
-54691151
-54730727
-54785415
-54819663
-54874015
-54900143
-54916591
-54971951
-55029527
-55081271
-55136335
-55245543
-55254263
-55277719
-55288607
-55419807
-55472783
-55484391
-55555223
-55595415
-55604471
-55634415
-55742551
-55800039
-55909231
-55937191
-55939063
-55990471
-56103311
-56104519
-56107991
-56173183
-56223159
-56244599
-56250519
-56289007
-56341311
-56377247
-56428967
-56435567
-56554655
-56555223
-56557111
-56563791
-56631935
-56704335
-56716871
-56822519
-56844239
-56869423
-56921543
-56944567
-56995727
-57051839
-57282895
-57367607
-57369111
-57399079
-57505439
-57541567
-57627079
-57663559
-57895503
-57896295
-57944863
-57959279
-57975607
-58033471
-58122215
-58231999
-58245103
-58329503
-58517023
-58586799
-58689631
-58703335
-58704455
-58714023
-58897631
-58948951
-58964311
-59027903
-59066799
-59096135
-59101495
-59157167
-59223351
-59260207
-59319319
-59331191
-59400455
-59567567
-59574911
-59678623
-59902287
-59936959
-60039159
-60145503
-60190007
-60358199
-60483511
-60559039
-60572391
-60577535
-60593959
-60664983
-60753719
-60761839
-60772335
-60899231
-60935759
-60999247
-61039671
-61056991
-61111383
-61141583
-61180743
-61207519
-61335967
-61337255
-61411911
-61443735
-61454431
-61509895
-61698671
-61724135
-61755007
-61910359
-61934343
-61944895
-61994271
-62073367
-62297639
-62387295
-62404815
-62436239
-62674543
-62747767
-62806879
-62816399
-62858663
-62869087
-62963479
-63059455
-63100111
-63152911
-63158631
-63204191
-63205327
-63230351
-63251583
-63329503
-63351815
-63366943
-63458399
-63565783
-63615759
-63640807
-63644167
-63729287
-63760015
-63809231
-63882599
-63882791
-63920319
-63967623
-64044991
-64069655
-64093015
-64104647
-64113591
-64158407
-64175135
-64181071
-64186367
-64188271
-64286791
-64287607
-64482031
-64508527
-64564231
-64605831
-64610367
-64643935
-64680455
-64712431
-64713023
-64719615
-64773551
-64777351
-64883831
-64885287
-64912511
-64935295
-65056831
-65105935
-65251199
-65267351
-65279399
-65288431
-65326447
-65392663
-65430951
-65452295
-65481151
-65665839
-65720119
-65723959
-65728967
-65742431
-65744591
-65763887
-65824903
-65870023
-65895783
-66001799
-66008447
-66080663
-66150431
-66255511
-66266911
-66280663
-66314359
-66414215
-66476615
-66482399
-66624567
-66645535
-66657407
-66669639
-66681919
-66722623
-66726679
-66742271
-66749927
-66863839
-66864335
-66898295
-66964031
-66969735
-66989415
-67006031
-67037487
-67047959
-67104399
-67173343
-67195751
-67210559
-67211655
-67232591
-67300743
-67333447
-67429495
-67429543
-67434351
-67439935
-67447407
-67546367
-67621007
-67653583
-67745047
-67747983
-67749143
-67769031
-67820807
-67958743
-67962215
-68002287
-68132255
-68147615
-68161247
-68211455
-68219735
-68246463
-68527679
-68690711
-68702527
-68837863
-68876543
-68913031
-68919927
-68928095
-68941927
-69025807
-69036295
-69088695
-69093647
-69227447
-69290711
-69406815
-69514847
-69519183
-69525863
-69536967
-69591479
-69632743
-69676527
-69721655
-69990063
-70047303
-70082607
-70102263
-70123055
-70348751
-70362551
-70396759
-70438519
-70486471
-70498783
-70545263
-70691567
-70740183
-70799335
-70814319
-70865359
-70997439
-71036087
-71085415
-71108983
-71197591
-71330279
-71351959
-71382783
-71472895
-71492207
-71508215
-71510735
-71556935
-71596759
-71750967
-71930479
-72009887
-72067263
-72103247
-72197359
-72234919
-72242615
-72266399
-72374279
-72406999
-72464383
-72482343
-72503319
-72597703
-72696727
-72796591
-72796927
-72837487
-72862151
-72891847
-72942391
-72957615
-72958399
-73141103
-73190135
-73190479
-73226351
-73261079
-73401655
-73586063
-73785615
-73801407
-73831031
-73836911
-73935871
-73965679
-74178919
-74181191
-74326647
-74363271
-74380855
-74445895
-74482023
-74485951
-74583583
-74593567
-74595423
-74598583
-74740359
-74792391
-74808479
-74984023
-75029999
-75054095
-75093791
-75227711
-75337471
-75350807
-75423919
-75434599
-75444967
-75449087
-75643311
-75683399
-75684727
-75782279
-75828935
-75831071
-75865855
-75879247
-75884567
-75915807
-75995783
-76177239
-76244255
-76285695
-76375479
-76391015
-76416983
-76418111
-76441895
-76579007
-76680607
-76811183
-76844599
-76863463
-77036631
-77113887
-77174863
-77228863
-77505151
-77589983
-77649031
-77660527
-77674031
-77721535
-77789599
-77796935
-77889871
-77999695
-78168799
-78170759
-78187231
-78193815
-78238991
-78315743
-78335935
-78345247
-78389455
-78423719
-78485903
-78502623
-78589263
-78610943
-78662311
-78720423
-78726743
-78911303
-78921543
-78923319
-78952295
-79019895
-79034631
-79035663
-79053551
-79111311
-79119919
-79282391
-79354831
-79480927
-79542743
-79671383
-79684959
-79692991
-79850719
-79900295
-79979863
-80004311
-80052983
-80067263
-80150871
-80172047
-80185479
-80224447
-80291479
-80468495
-80490199
-80496583
-80581135
-80586319
-80595031
-80756759
-80834887
-80879663
-80921815
-81083263
-81091079
-81212071
-81273551
-81453383
-81473759
-81486383
-81519655
-81661679
-81670431
-81705911
-81760719
-81770231
-81820735
-81848183
-81883439
-81951735
-82003823
-82022359
-82082127
-82178255
-82206751
-82215047
-82292647
-82471727
-82536671
-82539263
-82567895
-82759799
-82864703
-82870951
-82897447
-83053999
-83072247
-83206679
-83230447
-83335535
-83398839
-83401343
-83501183
-83841751
-84022151
-84026847
-84100207
-84190479
-84293839
-84341919
-84352015
-84374567
-84473463
-84560711
-84628919
-84670455
-84761143
-84762047
-84769079
-84842599
-84881895
-85066871
-85080223
-85336743
-85383159
-85383887
-85502015
-85530511
-85540495
-85543591
-85567863
-85581407
-85673359
-85697287
-85773727
-85819711
-85908647
-86017487
-86032271
-86054735
-86075999
-86091223
-86159719
-86166543
-86266839
-86345687
-86378023
-86378759
-86416943
-86429631
-86441527
-86443815
-86467215
-86484999
-86543327
-86621215
-86649503
-86672839
-86757159
-86784895
-86847119
-86881319
-86921423
-87014831
-87208879
-87225823
-87338551
-87354959
-87364031
-87372399
-87397791
-87398407
-87427311
-87458407
-87459423
-87461519
-87501631
-87557119
-87593911
-87668231
-87782567
-87828511
-87828767
-87868599
-87927287
-87987871
-88017303
-88032999
-88046615
-88065687
-88132055
-88159919
-88237895
-88289495
-88320991
-88350031
-88358023
-88366071
-88372639
-88486215
-88493359
-88529263
-88534311
-88771135
-88847279
-88871727
-88878711
-88881431
-89047543
-89074567
-89140111
-89238103
-89255231
-89335655
-89356879
-89441383
-89506111
-89510159
-89536055
-89690591
-89698847
-89813311
-89921247
-89955143
-90010479
-90219463
-90306287
-90401911
-90449279
-90492559
-90528199
-90543399
-90566943
-90582679
-90631895
-90732183
-90829663
-90883767
-90942607
-91027687
-91039767
-91074495
-91096199
-91203647
-91233607
-91342703
-91362103
-91433463
-91513511
-91596415
-91606055
-91653559
-91694695
-91715655
-91768495
-91871711
-92027559
-92111287
-92123623
-92192399
-92192639
-92263687
-92427743
-92475695
-92481527
-92556735
-92602751
-92608791
-92665351
-92708471
-92791903
-92799583
-92884799
-93036679
-93099223
-93187007
-93204767
-93206783
-93273023
-93277103
-93323471
-93324431
-93343999
-93420439
-93420935
-93451519
-93620255
-93647471
-93654439
-93654727
-93666543
-93715943
-93735415
-93737311
-93838631
-93921799
-93988687
-94037855
-94076615
-94166431
-94176159
-94305431
-94446439
-94635591
-94646815
-94654327
-94733447
-94741871
-94757367
-94904023
-94908719
-94913671
-95057039
-95062199
-95095135
-95096255
-95178071
-95317023
-95373223
-95466095
-95538263
-95551511
-95604391
-95631959
-95648439
-95680335
-95695639
-95724383
-95803847
-95846007
-95880239
-95952039
-96133511
-96170399
-96238479
-96349783
-96363335
-96414535
-96418991
-96530631
-96546255
-96625847
-96724279
-96769599
-96839383
-96849407
-96909639
-97001503
-97098631
-97102639
-97112087
-97140255
-97145695
-97252527
-97277367
-97353399
-97406015
-97409135
-97463351
-97479431
-97503351
-97608679
-97691919
-97740543
-97795879
-97846207
-98111783
-98145119
-98209583
-98319191
-98344783
-98346703
-98366831
-98376151
-98522711
-98643695
-98707895
-98718319
-98838007
-98847559
-98922935
-98994263
-98997639
-99052615
-99135015
-99151399
-99280079
-99346871
-99352367
-99400127
-99461095
-99476519
-99498927
-99533495
-99545367
-99550839
-99552703
-99605695
-99631447
-99696815
-99699007
-99714479
-99735711
-99774799
-99812591
-99857431
-99907143
