-61556
-72084
-90868
-113140
-143508
-162452
-167172
-169220
-178004
-216452
-234276
-235796
-239524
-257428
-281396
-283956
-290068
-293380
-299748
-300388
-326468
-332404
-370932
-384324
-402468
-402756
-404916
-430996
-446084
-467572
-467620
-472196
-480356
-490020
-495636
-499076
-509556
-528164
-531508
-537140
-569044
-569588
-592580
-601572
-606868
-627508
-638772
-642356
-676884
-709796
-728164
-759268
-761092
-762916
-769732
-772516
-799460
-802036
-805668
-827236
-866292
-913636
-918420
-933476
-939540
-968052
-988132
-1016292
-1036580
-1044372
-1086148
-1092324
-1096564
-1119076
-1124740
-1126180
-1126932
-1129108
-1143188
-1151428
-1157844
-1165636
-1165908
-1194772
-1198516
-1201972
-1225348
-1233844
-1236180
-1247028
-1270852
-1271796
-1284468
-1286180
-1290612
-1298548
-1312468
-1335988
-1341204
-1346788
-1370324
-1378244
-1380548
-1408996
-1420292
-1422436
-1431348
-1473508
-1484772
-1492660
-1505924
-1533860
-1552468
-1588996
-1633188
-1656596
-1672148
-1674340
-1675156
-1691508
-1699412
-1745988
-1782836
-1810756
-1822820
-1825060
-1836516
-1862036
-1869124
-1899812
-1909268
-1915172
-1916740
-1920948
-1937876
-1938308
-1947268
-1958308
-1975348
-1998516
-2006580
-2007172
-2007764
-2013636
-2013860
-2031556
-2043460
-2050804
-2052132
-2054388
-2078132
-2098468
-2121908
-2127524
-2129604
-2130612
-2165636
-2169364
-2189204
-2204724
-2219156
-2220388
-2220436
-2231812
-2234132
-2240948
-2268388
-2289092
-2289844
-2295924
-2307172
-2318708
-2319188
-2331748
-2362164
-2369060
-2402644
-2415732
-2418756
-2428804
-2440148
-2442580
-2447556
-2453236
-2486980
-2505156
-2508340
-2518564
-2530356
-2583092
-2589924
-2611716
-2621620
-2622836
-2631620
-2633556
-2636260
-2655524
-2667908
-2682580
-2687668
-2740452
-2748484
-2749908
-2771444
-2784404
-2826020
-2827460
-2829828
-2831924
-2833972
-2838036
-2838756
-2841380
-2861220
-2866660
-2878372
-2897492
-2902052
-2921092
-2924548
-2931140
-2934244
-2960452
-2997748
-2999588
-3002932
-3015860
-3021140
-3040436
-3042724
-3067908
-3081812
-3094468
-3099220
-3108324
-3121972
-3142228
-3142772
-3146756
-3147988
-3150516
-3159060
-3189108
-3189172
-3212628
-3220372
-3242932
-3245828
-3246676
-3256420
-3258436
-3261588
-3279556
-3283124
-3288244
-3299380
-3302628
-3304132
-3316196
-3324692
-3372420
-3391732
-3393316
-3403060
-3405044
-3407124
-3407428
-3412356
-3437508
-3438740
-3445364
-3449140
-3451236
-3472116
-3482212
-3485380
-3560948
-3568868
-3571124
-3583172
-3613012
-3614116
-3618916
-3633668
-3634132
-3640692
-3683796
-3694772
-3703412
-3706612
-3715124
-3743332
-3744212
-3760004
-3774932
-3799508
-3824164
-3860484
-3862148
-3910756
-3914756
-3926212
-3927380
-3933716
-3937892
-3944068
-3964420
-3965092
-3984308
-3997076
-3998932
-4009236
-4015652
-4018020
-4019428
-4040420
-4051140
-4054804
-4057844
-4063412
-4078772
-4078948
-4087604
-4088548
-4110868
-4121876
-4128452
-4142532
-4147028
-4170260
-4171636
-4213668
-4220372
-4236340
-4245268
-4268164
-4271284
-4280948
-4286660
-4288548
-4289620
-4304308
-4311908
-4313588
-4322724
-4325396
-4331524
-4335284
-4336836
-4347268
-4352308
-4389636
-4398548
-4425028
-4440372
-4443652
-4446068
-4452820
-4465732
-4476308
-4479892
-4491556
-4507716
-4520692
-4523588
-4526196
-4528772
-4529444
-4562948
-4566196
-4578836
-4580036
-4584116
-4591668
-4597204
-4610164
-4634212
-4648468
-4703876
-4716692
-4738452
-4749956
-4751556
-4754868
-4772036
-4782628
-4787444
-4795108
-4807124
-4818244
-4855940
-4865844
-4873380
-4875476
-4889028
-4900340
-4911380
-4918564
-4951060
-4954084
-4955460
-4961444
-4961620
-4987460
-5018340
-5020084
-5029268
-5037476
-5038676
-5039860
-5055620
-5067028
-5070644
-5071028
-5074292
-5120052
-5126324
-5159044
-5160692
-5166212
-5166772
-5185236
-5189924
-5200564
-5211156
-5211572
-5214836
-5236644
-5243828
-5274340
-5277460
-5280052
-5284708
-5303012
-5316676
-5323156
-5351620
-5371268
-5371540
-5377060
-5382852
-5396676
-5409028
-5417220
-5421188
-5437508
-5438388
-5447748
-5452436
-5467668
-5468852
-5469844
-5478596
-5480692
-5501092
-5501364
-5507988
-5518228
-5530708
-5530852
-5534788
-5541988
-5548692
-5566964
-5579124
-5596964
-5603252
-5603668
-5616260
-5635540
-5641460
-5644916
-5646244
-5651204
-5674708
-5676292
-5711732
-5711956
-5717188
-5719540
-5727236
-5731444
-5731604
-5732004
-5736916
-5740852
-5774372
-5778212
-5791652
-5811796
-5827652
-5852164
-5856388
-5865220
-5880468
-5892004
-5916596
-5936756
-5939844
-5970436
-5985732
-5998548
-6006356
-6028212
-6035252
-6036180
-6045140
-6046244
-6049460
-6052276
-6066164
-6068964
-6074356
-6074804
-6074996
-6082644
-6084292
-6089044
-6092276
-6093940
-6103540
-6103988
-6113972
-6114580
-6116036
-6133204
-6154212
-6172260
-6177748
-6181940
-6193364
-6194388
-6203332
-6205732
-6215284
-6224644
-6227684
-6230308
-6251668
-6271444
-6283524
-6286404
-6324916
-6326324
-6353268
-6366404
-6375908
-6410084
-6410788
-6433940
-6439540
-6443140
-6457604
-6470324
-6506420
-6543380
-6544660
-6567508
-6579316
-6580932
-6583172
-6594132
-6596196
-6604004
-6604692
-6617892
-6633732
-6644308
-6649156
-6651844
-6653012
-6663716
-6666164
-6666532
-6671972
-6683396
-6687332
-6696148
-6703652
-6751588
-6753460
-6757060
-6757444
-6759028
-6759236
-6785140
-6788420
-6792148
-6802324
-6815604
-6823028
-6836116
-6848468
-6862996
-6893444
-6906932
-6907796
-6908452
-6909188
-6915524
-6924724
-6930996
-6945668
-6947396
-6993156
-7040180
-7049748
-7063892
-7106324
-7107812
-7141252
-7142564
-7145908
-7151428
-7153748
-7175860
-7181668
-7194468
-7197556
-7198436
-7213556
-7225652
-7231940
-7235284
-7237012
-7238164
-7241284
-7251044
-7284660
-7288436
-7292292
-7308404
-7333764
-7345284
-7345876
-7360644
-7371092
-7371428
-7412308
-7419460
-7424004
-7440692
-7443188
-7448932
-7474884
-7475620
-7480868
-7486036
-7492628
-7533156
-7563668
-7574804
-7587284
-7593540
-7602212
-7628612
-7635716
-7642932
-7644532
-7655748
-7665316
-7667284
-7667492
-7677028
-7680340
-7689156
-7706964
-7716308
-7728308
-7730628
-7738404
-7739924
-7772708
-7773124
-7775812
-7848276
-7849940
-7860436
-7881492
-7888340
-7908020
-7931860
-7937796
-7966676
-7967748
-7979044
-7989892
-8001124
-8005540
-8011988
-8019220
-8024644
-8025956
-8059876
-8063012
-8065028
-8080260
-8098436
-8100436
-8133892
-8133908
-8160356
-8180852
-8183332
-8199124
-8218276
-8223060
-8223716
-8240244
-8249844
-8268292
-8287044
-8301876
-8317140
-8332388
-8359428
-8407780
-8416452
-8443684
-8449588
-8452708
-8454004
-8454164
-8465988
-8472228
-8486548
-8488356
-8502756
-8504628
-8514260
-8521876
-8532628
-8550356
-8550708
-8559476
-8563460
-8573108
-8586132
-8591972
-8615108
-8615732
-8620356
-8638548
-8659444
-8660164
-8673604
-8676196
-8714612
-8748244
-8749972
-8777220
-8807988
-8809908
-8821588
-8824820
-8848868
-8859140
-8868772
-8896228
-8902068
-8908292
-8910548
-8926116
-8945348
-8952276
-8955908
-8976292
-8978692
-8984116
-8990404
-8994164
-8999524
-9035540
-9047636
-9059636
-9072356
-9073684
-9085828
-9089540
-9090708
-9090820
-9093620
-9121028
-9127412
-9130388
-9133460
-9142724
-9148820
-9151076
-9164004
-9169156
-9173316
-9180580
-9180724
-9180964
-9184580
-9186868
-9191636
-9191860
-9199604
-9201876
-9202884
-9210548
-9227972
-9229092
-9229524
-9234948
-9278980
-9288628
-9293444
-9302308
-9314132
-9315748
-9330468
-9335892
-9346676
-9346948
-9349444
-9349860
-9365988
-9372356
-9373684
-9374212
-9376340
-9389716
-9393908
-9396788
-9405588
-9424164
-9432196
-9460756
-9476980
-9480404
-9491444
-9494884
-9534644
-9535076
-9536692
-9554084
-9557508
-9571892
-9576724
-9581588
-9596692
-9601268
-9607156
-9623444
-9630484
-9638932
-9653444
-9710292
-9728708
-9734516
-9739924
-9756788
-9761844
-9766212
-9767892
-9776020
-9797588
-9801508
-9832132
-9861508
-9875572
-9882884
-9902516
-9923988
-9932644
-9933220
-9936404
-9941492
-9967220
-9971716
-9976244
-9989412
-9993380
-10006116
-10013380
-10014852
-10029956
-10040772
-10051620
-10086868
-10087796
-10099796
-10127428
-10128292
-10132212
-10141684
-10145380
-10148836
-10151764
-10168516
-10176484
-10180356
-10201396
-10201652
-10205380
-10205540
-10224164
-10236340
-10239492
-10245556
-10254628
-10275412
-10277204
-10302388
-10304468
-10308036
-10321588
-10337124
-10337732
-10338452
-10339460
-10356036
-10361060
-10367092
-10378756
-10399412
-10421220
-10430804
-10442804
-10445732
-10467332
-10469236
-10490164
-10499684
-10537444
-10548068
-10563508
-10578868
-10579204
-10615956
-10616420
-10629492
-10643140
-10652948
-10655140
-10660804
-10683940
-10694708
-10701956
-10706260
-10712596
-10728980
-10729428
-10741060
-10746596
-10764996
-10769412
-10785716
-10791892
-10798276
-10825252
-10874564
-10883828
-10887652
-10890148
-10900036
-10908164
-10920628
-10924580
-10936868
-10951444
-10959076
-10960004
-10972628
-11026132
-11037012
-11043220
-11057748
-11057844
-11074724
-11078180
-11083396
-11089156
-11100804
-11128996
-11133620
-11150596
-11156356
-11179876
-11185284
-11186932
-11206628
-11217508
-11223380
-11235908
-11243076
-11243332
-11248564
-11257540
-11257844
-11265972
-11281540
-11286372
-11303940
-11313668
-11320564
-11344148
-11352452
-11358372
-11358852
-11389252
-11391972
-11401604
-11401652
-11411348
-11446756
-11447844
-11475956
-11522532
-11538132
-11544996
-11556692
-11557156
-11562964
-11565988
-11577876
-11582772
-11603860
-11605892
-11609364
-11626484
-11645652
-11646868
-11666388
-11667012
-11667396
-11674644
-11687540
-11720724
-11730436
-11738932
-11743060
-11746068
-11756804
-11761188
-11767316
-11774324
-11779284
-11793684
-11794148
-11842820
-11846564
-11853604
-11886788
-11897956
-11908052
-11924468
-11934228
-11937268
-11969508
-12029252
-12036052
-12039780
-12040340
-12044708
-12047204
-12051044
-12059412
-12060644
-12065092
-12097844
-12101092
-12109268
-12110708
-12130036
-12131156
-12131988
-12144836
-12155956
-12156276
-12157428
-12161284
-12161444
-12179924
-12183044
-12210676
-12226308
-12235684
-12260420
-12271044
-12288004
-12307780
-12314996
-12318772
-12320004
-12328228
-12347556
-12349076
-12352692
-12374468
-12375172
-12378356
-12382468
-12394004
-12412772
-12422212
-12425412
-12449492
-12459620
-12462740
-12474084
-12493348
-12497988
-12499204
-12510692
-12514724
-12518756
-12542820
-12549604
-12553028
-12563588
-12580756
-12581556
-12606292
-12621892
-12624132
-12640820
-12651412
-12663572
-12667668
-12672804
-12705492
-12714116
-12716308
-12737444
-12774468
-12797348
-12798388
-12825044
-12829060
-12831748
-12846980
-12854548
-12857028
-12873540
-12891076
-12892164
-12912340
-12920308
-12944324
-12952628
-12968724
-12975796
-12975860
-12983156
-12991348
-12992180
-13063108
-13065428
-13097012
-13122820
-13123684
-13129828
-13142068
-13179364
-13197796
-13201220
-13210388
-13219172
-13225844
-13230820
-13265188
-13266724
-13306692
-13325732
-13348372
-13360244
-13362532
-13365492
-13386356
-13395588
-13402596
-13406548
-13435540
-13456452
-13456948
-13460132
-13468276
-13482068
-13486420
-13506788
-13513604
-13515556
-13530820
-13530868
-13534532
-13561940
-13568404
-13576836
-13589812
-13598548
-13599508
-13600372
-13601828
-13638692
-13640740
-13640820
-13645828
-13659508
-13664884
-13666116
-13680772
-13687924
-13689780
-13693828
-13710916
-13731284
-13734084
-13742644
-13753588
-13820804
-13875252
-13877428
-13886708
-13898692
-13924308
-13934788
-13937972
-13940644
-13946260
-13974724
-13975188
-13980804
-13987492
-13989380
-14000708
-14025908
-14037956
-14060868
-14064628
-14091972
-14126196
-14129220
-14141524
-14143764
-14153908
-14157652
-14162228
-14170564
-14179332
-14190356
-14201284
-14219476
-14240740
-14241028
-14266036
-14269252
-14271844
-14277252
-14279332
-14286292
-14288788
-14290676
-14305012
-14333988
-14343716
-14358020
-14390580
-14397412
-14422628
-14424164
-14433220
-14437988
-14442196
-14464580
-14475908
-14478628
-14482308
-14485236
-14501380
-14504388
-14508452
-14509716
-14512276
-14527924
-14530020
-14541652
-14552756
-14562532
-14566324
-14575972
-14596180
-14602708
-14607028
-14620980
-14623764
-14634788
-14642068
-14644868
-14664932
-14694740
-14699652
-14704548
-14712164
-14712484
-14712692
-14729604
-14734884
-14741108
-14753140
-14754228
-14754628
-14764820
-14789220
-14835268
-14846820
-14857748
-14863332
-14875284
-14875332
-14935892
-14937860
-14944564
-14953348
-14972212
-14972420
-14973332
-15020196
-15027668
-15030068
-15035492
-15038420
-15055684
-15064196
-15066772
-15082516
-15083220
-15086852
-15087444
-15109652
-15113012
-15116708
-15146868
-15151332
-15154628
-15157684
-15161204
-15169956
-15171540
-15173860
-15181428
-15186628
-15191204
-15191780
-15192836
-15200372
-15202852
-15207956
-15217716
-15231940
-15246420
-15247588
-15256724
-15263348
-15277348
-15285428
-15304228
-15310212
-15325476
-15327044
-15331268
-15335764
-15346132
-15352340
-15357540
-15367012
-15369396
-15375972
-15378116
-15380404
-15382324
-15390388
-15391172
-15403060
-15405188
-15425268
-15426484
-15431604
-15444404
-15451204
-15452356
-15456308
-15469364
-15471780
-15474036
-15489908
-15492196
-15503172
-15533940
-15542708
-15552660
-15554020
-15566532
-15581188
-15582724
-15601844
-15629172
-15630356
-15635380
-15657572
-15677396
-15696436
-15702564
-15725188
-15738356
-15741140
-15751348
-15754388
-15757444
-15808724
-15816292
-15820388
-15843540
-15873092
-15904612
-15904932
-15917908
-15919828
-15933268
-15942020
-15949924
-15982196
-15985716
-16017284
-16027844
-16047444
-16051844
-16058964
-16063396
-16067892
-16073348
-16073684
-16084596
-16086372
-16090388
-16091652
-16095124
-16097732
-16102740
-16105956
-16107908
-16118404
-16120180
-16121252
-16138868
-16153220
-16175364
-16181652
-16182516
-16186740
-16203812
-16210884
-16248148
-16251796
-16253540
-16266324
-16270868
-16289044
-16291860
-16302468
-16307988
-16308244
-16326804
-16326836
-16356068
-16363956
-16369476
-16379988
-16382084
-16397060
-16466644
-16476036
-16514708
-16517716
-16518772
-16534596
-16540612
-16543812
-16547444
-16559556
-16574772
-16577764
-16581732
-16585636
-16586052
-16603780
-16618484
-16638756
-16664244
-16679908
-16708468
-16711748
-16711764
-16716180
-16716932
-16729636
-16738068
-16747124
-16753540
-16816484
-16819204
-16837588
-16847588
-16882148
-16887412
-16930388
-16949716
-16975492
-16975556
-16986596
-17006324
-17028020
-17031332
-17049748
-17050020
-17060660
-17070644
-17071540
-17073332
-17095540
-17102692
-17107732
-17112372
-17115124
-17168260
-17170004
-17184468
-17188756
-17190868
-17214820
-17224180
-17231428
-17237236
-17252452
-17284852
-17317524
-17330708
-17342516
-17346308
-17346660
-17357108
-17398676
-17400676
-17401604
-17402388
-17413396
-17473028
-17484484
-17492484
-17493556
-17501028
-17507860
-17524612
-17529716
-17533220
-17542788
-17545812
-17549412
-17553988
-17561572
-17566356
-17576372
-17581172
-17590276
-17596532
-17652660
-17656868
-17671348
-17682868
-17699460
-17749508
-17751460
-17752228
-17755348
-17767108
-17779892
-17803828
-17815940
-17829172
-17857828
-17875140
-17888756
-17893444
-17898756
-17919588
-17921044
-17922084
-17922484
-17927444
-17944708
-17966644
-17992580
-17998676
-18006068
-18023780
-18029764
-18068180
-18075956
-18094244
-18106372
-18110004
-18115732
-18117940
-18120724
-18147668
-18155316
-18164404
-18168292
-18175508
-18176468
-18188564
-18197844
-18201092
-18208452
-18220628
-18257060
-18269284
-18274740
-18280660
-18297220
-18307716
-18333204
-18344884
-18346228
-18346340
-18346484
-18351748
-18365444
-18373588
-18375940
-18377396
-18377988
-18378580
-18389204
-18389380
-18397604
-18403124
-18407924
-18416084
-18420116
-18486292
-18493012
-18500836
-18501044
-18523428
-18531268
-18537124
-18544484
-18553636
-18554516
-18569220
-18573668
-18600244
-18603588
-18606292
-18611956
-18631508
-18632116
-18655316
-18659012
-18663796
-18667828
-18680372
-18689716
-18694484
-18695940
-18702660
-18705124
-18710996
-18715412
-18730052
-18742852
-18745268
-18750228
-18756052
-18758404
-18758596
-18760820
-18775444
-18800468
-18815732
-18819732
-18826228
-18828692
-18841204
-18844468
-18864308
-18867892
-18880420
-18880564
-18904164
-18912436
-18916196
-18919492
-18940324
-18953812
-18983316
-18993668
-19018388
-19025060
-19036020
-19038932
-19041252
-19045860
-19058836
-19069108
-19083252
-19090036
-19095364
-19103732
-19106420
-19111876
-19117780
-19123428
-19131060
-19136756
-19147028
-19187236
-19190996
-19193124
-19201012
-19208692
-19217444
-19221204
-19235092
-19244004
-19262004
-19263460
-19281412
-19290292
-19297428
-19345908
-19349412
-19354436
-19364788
-19368820
-19368964
-19370820
-19373732
-19374708
-19377012
-19385188
-19387844
-19419956
-19427060
-19444852
-19445172
-19445444
-19446388
-19453364
-19454052
-19467092
-19469716
-19486196
-19487428
-19496964
-19505172
-19505396
-19513412
-19522724
-19538884
-19555124
-19563780
-19572628
-19599188
-19613428
-19616612
-19622452
-19627156
-19630708
-19649156
-19669764
-19671748
-19717588
-19724836
-19730804
-19731428
-19733780
-19741604
-19746292
-19747572
-19751156
-19759748
-19767220
-19787092
-19787748
-19790292
-19792916
-19794452
-19803892
-19817556
-19829652
-19832612
-19850212
-19850916
-19858020
-19885684
-19898308
-19903764
-19916708
-19940356
-19941972
-19944596
-19969124
-19976340
-19984612
-19989604
-19994532
