-17944
-58424
-62632
-65784
-66328
-67128
-75688
-115912
-128680
-132520
-134312
-135176
-140696
-146184
-146776
-154408
-154824
-172968
-181752
-186904
-203656
-231032
-255624
-293848
-313176
-323096
-365672
-420376
-422120
-425480
-447432
-454872
-456424
-465976
-494168
-524312
-529960
-577640
-629032
-631720
-652168
-654232
-681544
-682824
-702456
-709208
-718504
-811128
-815016
-818728
-822392
-864552
-890808
-916360
-925048
-929560
-936520
-947512
-950648
-958856
-961608
-970408
-978168
-990456
-1002616
-1005384
-1015656
-1018456
-1021528
-1024616
-1024680
-1060984
-1063144
-1069384
-1083496
-1087768
-1102808
-1134696
-1147688
-1153240
-1154632
-1172008
-1178264
-1182904
-1195512
-1222552
-1239608
-1240584
-1252808
-1262248
-1276280
-1281352
-1284376
-1284616
-1287688
-1289720
-1308968
-1323896
-1334008
-1339784
-1347752
-1351736
-1353608
-1355176
-1363064
-1364408
-1381784
-1382232
-1383880
-1398520
-1415096
-1420296
-1436072
-1439112
-1448040
-1449464
-1452376
-1464504
-1468920
-1484984
-1513720
-1536472
-1579080
-1606472
-1616552
-1637720
-1642040
-1670648
-1676536
-1678472
-1687352
-1745128
-1753864
-1758440
-1765384
-1765496
-1814264
-1815080
-1825160
-1856408
-1856568
-1857128
-1863912
-1865032
-1877448
-1878184
-1880072
-1914104
-1914616
-1920040
-1948952
-2001336
-2011512
-2012264
-2016824
-2023048
-2025560
-2028856
-2050104
-2054024
-2054296
-2063784
-2081992
-2088056
-2090984
-2093320
-2097960
-2112056
-2138120
-2166024
-2179832
-2187064
-2190472
-2205464
-2211464
-2238456
-2245064
-2252616
-2256936
-2264888
-2266616
-2293960
-2295736
-2324920
-2326904
-2329096
-2340680
-2352296
-2361640
-2400440
-2403096
-2404696
-2410712
-2410872
-2412952
-2416152
-2419944
-2423432
-2431256
-2444648
-2445944
-2448632
-2453128
-2458280
-2479544
-2494952
-2498744
-2498856
-2507944
-2510888
-2512664
-2525048
-2526856
-2530056
-2539912
-2540344
-2544904
-2549672
-2565624
-2571256
-2578280
-2599368
-2615128
-2657496
-2683048
-2704472
-2711272
-2713144
-2724392
-2726536
-2726792
-2729208
-2731112
-2757048
-2766392
-2772696
-2777144
-2791416
-2798520
-2818216
-2820344
-2826312
-2842936
-2843288
-2848344
-2852760
-2863960
-2916520
-2922488
-2925944
-2937448
-2938136
-2945048
-2960952
-2966744
-2970088
-2976184
-2977480
-2989880
-2990776
-3036344
-3052344
-3064568
-3065640
-3089992
-3098280
-3106056
-3178328
-3179640
-3190808
-3190904
-3207432
-3211880
-3212072
-3251224
-3256568
-3261560
-3270520
-3273416
-3324824
-3327672
-3331032
-3369784
-3378952
-3397368
-3406456
-3407944
-3423704
-3442264
-3451512
-3454744
-3469144
-3472440
-3477288
-3507096
-3564712
-3567752
-3568152
-3595576
-3604792
-3629560
-3634824
-3644008
-3648648
-3651496
-3653752
-3675112
-3702648
-3727976
-3751624
-3753448
-3760520
-3769480
-3775192
-3779816
-3783720
-3802264
-3836552
-3837720
-3839912
-3842504
-3850840
-3859928
-3868536
-3880824
-3882040
-3896248
-3901624
-3908920
-3922472
-3943416
-3946520
-3966168
-3972344
-3998248
-3998312
-4020152
-4033144
-4039304
-4057672
-4058984
-4088280
-4098040
-4100056
-4105384
-4105560
-4115560
-4118792
-4124632
-4136952
-4153992
-4156968
-4171576
-4177896
-4192616
-4203352
-4209160
-4214104
-4217192
-4237720
-4242072
-4242584
-4247672
-4249880
-4252120
-4261384
-4279592
-4280936
-4285192
-4303128
-4311928
-4328792
-4338440
-4342312
-4343144
-4344088
-4356488
-4360728
-4369432
-4382024
-4383912
-4399208
-4403624
-4406728
-4436584
-4449912
-4451224
-4453752
-4456840
-4472968
-4481992
-4525480
-4544440
-4557192
-4566248
-4568296
-4571848
-4574328
-4578040
-4587656
-4590952
-4611720
-4612472
-4616936
-4621160
-4627816
-4643720
-4653416
-4661144
-4665272
-4671128
-4674264
-4685624
-4685752
-4695448
-4705752
-4709224
-4710680
-4715864
-4725624
-4733320
-4750424
-4752856
-4763960
-4775192
-4779560
-4799336
-4812872
-4823896
-4826968
-4841672
-4845656
-4849096
-4858872
-4863512
-4864056
-4868008
-4873784
-4967112
-4975528
-4998136
-5042056
-5053144
-5069768
-5080776
-5096440
-5126376
-5137976
-5138616
-5143352
-5165528
-5182952
-5184008
-5243432
-5250536
-5253560
-5255992
-5264312
-5283832
-5285256
-5291848
-5304424
-5309256
-5326424
-5349784
-5368152
-5373176
-5388024
-5389224
-5393864
-5401720
-5410936
-5423224
-5425192
-5438568
-5439160
-5445448
-5451592
-5460904
-5490312
-5494520
-5499912
-5500856
-5518360
-5533928
-5568056
-5584312
-5584888
-5590504
-5602552
-5606360
-5621352
-5628632
-5653288
-5667320
-5699688
-5711176
-5718760
-5726392
-5747816
-5748904
-5750840
-5761624
-5763368
-5763944
-5778088
-5791976
-5799352
-5810888
-5820520
-5853592
-5857112
-5861608
-5867544
-5870696
-5878136
-5885432
-5891816
-5942872
-5949528
-5964728
-5964776
-5966936
-5973368
-5974728
-5984824
-5993048
-6025640
-6028904
-6030056
-6044024
-6049528
-6053096
-6059528
-6067256
-6077512
-6127384
-6137752
-6143992
-6145672
-6169880
-6179496
-6179864
-6182920
-6210280
-6210920
-6244680
-6260984
-6294296
-6295048
-6311720
-6315368
-6316280
-6334232
-6349960
-6350408
-6350584
-6354488
-6363512
-6370952
-6373016
-6382664
-6384840
-6396024
-6404552
-6422440
-6422552
-6425112
-6433176
-6436744
-6453112
-6460728
-6482712
-6482968
-6483592
-6483848
-6509080
-6517016
-6518040
-6518856
-6530008
-6546152
-6552056
-6564504
-6569224
-6575224
-6581144
-6586216
-6600344
-6636264
-6642760
-6680360
-6681272
-6694136
-6694680
-6696168
-6698728
-6714376
-6716312
-6717480
-6727272
-6739976
-6747672
-6787928
-6791128
-6816040
-6822728
-6825480
-6825752
-6841320
-6849160
-6884392
-6885816
-6888072
-6889720
-6907064
-6912632
-6927320
-6944648
-6961816
-6963736
-6968616
-6974264
-6979704
-7019976
-7031096
-7047320
-7063464
-7075688
-7096136
-7098760
-7109624
-7142408
-7152424
-7153912
-7168440
-7170776
-7175192
-7179880
-7185848
-7185896
-7191784
-7204184
-7204712
-7206072
-7207816
-7258712
-7262296
-7277656
-7290376
-7296968
-7320248
-7325256
-7333336
-7341816
-7355080
-7362008
-7369496
-7411656
-7418344
-7437048
-7439496
-7441288
-7452184
-7453720
-7488904
-7499688
-7506616
-7509144
-7510456
-7559512
-7564152
-7573208
-7600808
-7631272
-7670152
-7672760
-7700408
-7704088
-7707176
-7725576
-7750808
-7760328
-7776232
-7800824
-7801144
-7803032
-7806136
-7829032
-7841112
-7843592
-7867928
-7881688
-7889064
-7897128
-7904168
-7908088
-7920088
-7925032
-7926712
-7927608
-7930744
-7963672
-7964744
-7973256
-7978056
-7983528
-7985608
-7997864
-8011560
-8017048
-8018744
-8038168
-8046904
-8050360
-8052280
-8065608
-8071288
-8086184
-8119864
-8135592
-8141304
-8143304
-8152984
-8153624
-8169864
-8188424
-8190104
-8195320
-8203960
-8215656
-8222552
-8231016
-8235304
-8236456
-8263704
-8276280
-8308712
-8313464
-8316536
-8329576
-8360456
-8374040
-8375208
-8393176
-8399064
-8400632
-8473304
-8474920
-8476376
-8488824
-8491128
-8492296
-8517864
-8521208
-8525944
-8560040
-8575960
-8586424
-8586632
-8587720
-8598712
-8616520
-8621432
-8628744
-8645512
-8680632
-8688232
-8689880
-8698856
-8700616
-8722936
-8731640
-8733688
-8734840
-8750280
-8758376
-8762504
-8772648
-8787864
-8808344
-8810792
-8814056
-8817656
-8847528
-8849096
-8861288
-8879864
-8883816
-8886136
-8887960
-8916968
-8926184
-8940360
-8945176
-8950152
-8967496
-8974024
-9003496
-9011320
-9036888
-9047192
-9052408
-9062488
-9073352
-9076120
-9082632
-9087544
-9095496
-9102488
-9117176
-9133512
-9134152
-9136680
-9163320
-9168168
-9169768
-9183912
-9184280
-9185224
-9193432
-9207256
-9208072
-9222456
-9236056
-9271592
-9281688
-9282344
-9285256
-9290904
-9293656
-9301864
-9302408
-9332728
-9340360
-9350744
-9355016
-9401624
-9409064
-9409240
-9409912
-9416728
-9424024
-9436712
-9450616
-9455736
-9472152
-9488776
-9488920
-9495032
-9497352
-9498152
-9500344
-9524536
-9541304
-9541992
-9568888
-9584040
-9588152
-9594392
-9623496
-9625368
-9626744
-9636808
-9639208
-9642952
-9648280
-9653592
-9671192
-9683256
-9687560
-9697224
-9704392
-9705576
-9712264
-9726312
-9732136
-9756904
-9757624
-9761656
-9788024
-9793880
-9797432
-9801544
-9803944
-9809480
-9817048
-9825576
-9835464
-9835752
-9848456
-9859384
-9867560
-9874120
-9885352
-9895480
-9903496
-9927768
-9957864
-9972712
-9973320
-9973768
-9976088
-9993576
-10046040
-10047112
-10048504
-10054312
-10091944
-10102504
-10105096
-10142232
-10149736
-10149832
-10152904
-10160936
-10165544
-10167272
-10173976
-10182760
-10190904
-10205048
-10223112
-10229944
-10254632
-10257752
-10264920
-10297704
-10305544
-10325688
-10343176
-10343320
-10360184
-10360824
-10366184
-10377192
-10390712
-10431160
-10439720
-10445576
-10460616
-10474440
-10476840
-10478264
-10520152
-10527032
-10542088
-10550296
-10551704
-10559720
-10569576
-10575048
-10575064
-10583288
-10601368
-10605304
-10609544
-10620760
-10623256
-10625672
-10628472
-10630472
-10668360
-10669416
-10688392
-10751320
-10758008
-10767944
-10778280
-10800712
-10814984
-10827256
-10832424
-10838184
-10843512
-10847848
-10856728
-10861896
-10865256
-10875976
-10896568
-10905576
-10921960
-10928392
-10929256
-10933528
-10950584
-10972056
-10972856
-10996152
-10997544
-11013896
-11019304
-11039960
-11044456
-11060008
-11064104
-11066920
-11075128
-11075448
-11104040
-11105176
-11110632
-11119736
-11124984
-11125256
-11131096
-11138696
-11145464
-11158856
-11164040
-11169992
-11170696
-11170712
-11176744
-11182008
-11182456
-11198328
-11202040
-11205880
-11208344
-11227432
-11227512
-11240520
-11249448
-11252616
-11279144
-11295528
-11297112
-11306872
-11311784
-11312680
-11330696
-11337512
-11348232
-11356392
-11358040
-11358104
-11384936
-11393448
-11394280
-11442568
-11459576
-11464328
-11470056
-11488424
-11515976
-11516120
-11529672
-11548184
-11562392
-11588024
-11615960
-11633496
-11639112
-11670280
-11671320
-11673784
-11676808
-11676856
-11716232
-11726232
-11733032
-11736248
-11738072
-11743448
-11746536
-11747464
-11776904
-11796744
-11829224
-11845144
-11862728
-11869960
-11874408
-11905176
-11912984
-11913144
-11924584
-11932904
-11941432
-11947640
-11964392
-11968792
-11993528
-11998408
-12038648
-12052760
-12058408
-12063320
-12106376
-12119224
-12142536
-12146968
-12162648
-12175480
-12200568
-12204008
-12224424
-12227320
-12228664
-12230648
-12255448
-12262712
-12288264
-12296920
-12310360
-12311720
-12314472
-12320456
-12324152
-12325576
-12331112
-12343064
-12348408
-12371480
-12373464
-12383656
-12385112
-12390072
-12393656
-12417032
-12418568
-12439912
-12466312
-12469640
-12489160
-12494136
-12502328
-12509832
-12514376
-12514952
-12525304
-12561832
-12573464
-12578216
-12587064
-12590264
-12603048
-12623192
-12713512
-12717224
-12722520
-12724104
-12744088
-12773640
-12783480
-12799256
-12802920
-12809272
-12817336
-12828536
-12841208
-12844744
-12858152
-12904888
-12931432
-12934120
-12952488
-12965128
-12969032
-12976408
-12979976
-12990920
-13018648
-13024552
-13031128
-13033688
-13048792
-13075672
-13101464
-13108424
-13117624
-13131240
-13148216
-13152392
-13163560
-13170856
-13179608
-13181896
-13182856
-13209848
-13221672
-13224136
-13247416
-13250984
-13269320
-13302664
-13306328
-13307064
-13308248
-13321528
-13333288
-13341976
-13364728
-13366568
-13376008
-13391032
-13402792
-13403336
-13406648
-13406712
-13424312
-13425272
-13454904
-13469208
-13471096
-13474696
-13477224
-13485256
-13510616
-13523624
-13534856
-13538392
-13548904
-13565272
-13566904
-13573528
-13598536
-13601832
-13620328
-13649992
-13652344
-13653368
-13666760
-13693272
-13717144
-13776392
-13779880
-13785864
-13791144
-13799368
-13844552
-13857784
-13860328
-13861144
-13863928
-13873096
-13882984
-13898008
-13900328
-13902424
-13938856
-13954872
-13973352
-13982504
-13992776
-13996568
-14009640
-14021992
-14022680
-14032856
-14060488
-14066376
-14077256
-14084760
-14088824
-14100168
-14102936
-14134728
-14144008
-14148392
-14155080
-14172728
-14185272
-14198344
-14204152
-14260904
-14267976
-14271144
-14271176
-14274664
-14306952
-14307448
-14325384
-14340184
-14351352
-14355896
-14361160
-14366632
-14390872
-14392840
-14393944
-14395832
-14399832
-14408328
-14416248
-14416552
-14417624
-14418232
-14419640
-14420920
-14425304
-14427672
-14429112
-14434040
-14442008
-14443864
-14460856
-14461208
-14471864
-14481512
-14491720
-14496056
-14524360
-14553672
-14563736
-14591720
-14603272
-14609096
-14610440
-14634952
-14656808
-14660520
-14675064
-14683096
-14687528
-14689608
-14702552
-14703208
-14709592
-14723304
-14725432
-14749352
-14762984
-14771688
-14772376
-14793112
-14799064
-14807816
-14809064
-14822968
-14823544
-14846792
-14851320
-14861688
-14891880
-14892168
-14931944
-14934776
-14937464
-14944792
-14974584
-14977880
-14990264
-14992184
-15004344
-15018712
-15045272
-15072152
-15075624
-15077608
-15095672
-15107720
-15123912
-15148744
-15162328
-15185416
-15199624
-15200408
-15222856
-15227896
-15242264
-15257336
-15278248
-15309816
-15311176
-15320680
-15329576
-15356792
-15364456
-15369032
-15386312
-15392856
-15415576
-15438664
-15441448
-15451640
-15481832
-15483656
-15496088
-15514280
-15515608
-15517144
-15553016
-15556456
-15578888
-15579064
-15581656
-15594776
-15614216
-15619304
-15624776
-15668776
-15694456
-15746072
-15754712
-15762344
-15788040
-15790632
-15797272
-15808792
-15831608
-15873208
-15888408
-15904456
-15916920
-15926792
-15961736
-15983832
-15983944
-15997880
-15998488
-15999368
-16002088
-16003208
-16014088
-16021448
-16023192
-16043272
-16050728
-16098136
-16118488
-16135624
-16145752
-16149192
-16164728
-16173384
-16182712
-16226312
-16244264
-16252472
-16259880
-16263672
-16277272
-16296024
-16300232
-16302120
-16309192
-16341144
-16345272
-16349192
-16354984
-16369576
-16371416
-16391864
-16397576
-16408216
-16419208
-16427576
-16497192
-16506680
-16507720
-16510056
-16511160
-16514536
-16527336
-16575672
-16591384
-16595864
-16618360
-16618888
-16627288
-16630712
-16632328
-16635560
-16637480
-16645112
-16645880
-16659752
-16689080
-16701720
-16739512
-16740168
-16765752
-16774024
-16774936
-16777576
-16779928
-16781320
-16802088
-16813048
-16846360
-16871016
-16930760
-16937032
-16938872
-16941720
-16954040
-16969352
-16971512
-16974984
-17015528
-17016584
-17033928
-17039944
-17056504
-17063176
-17066456
-17071736
-17077224
-17077928
-17093352
-17114696
-17118008
-17123176
-17155832
-17156072
-17157432
-17167848
-17178760
-17197656
-17211480
-17213144
-17214216
-17216792
-17223496
-17226328
-17233640
-17237064
-17240744
-17251304
-17275864
-17282744
-17325944
-17346344
-17349208
-17356936
-17362696
-17382952
-17393272
-17404616
-17408456
-17409544
-17410472
-17412536
-17434088
-17441992
-17473848
-17481720
-17486808
-17492776
-17493224
-17494824
-17537352
-17564504
-17565352
-17568136
-17568152
-17573320
-17590552
-17591752
-17593912
-17601032
-17601432
-17617944
-17622872
-17626952
-17627880
-17628024
-17629080
-17633960
-17652504
-17658952
-17664888
-17680184
-17680424
-17712088
-17746696
-17756952
-17766408
-17783944
-17792552
-17802696
-17819848
-17821544
-17856232
-17858264
-17865704
-17871608
-17891368
-17891592
-17916568
-17927848
-17934344
-17935976
-17939144
-17970008
-17975416
-17989176
-17998808
-18014152
-18017432
-18033112
-18043960
-18050088
-18052984
-18055816
-18072472
-18098008
-18138088
-18145720
-18153752
-18166056
-18166376
-18171304
-18202552
-18214504
-18216968
-18223064
-18229144
-18232088
-18236456
-18237512
-18241352
-18250296
-18269432
-18271608
-18326936
-18342920
-18356008
-18358232
-18359880
-18366712
-18368872
-18385464
-18389144
-18395448
-18397256
-18398584
-18416392
-18423560
-18437656
-18441992
-18444568
-18489864
-18505384
-18531528
-18531672
-18557608
-18567768
-18577688
-18609848
-18620984
-18625384
-18633736
-18641864
-18642392
-18651208
-18654936
-18673768
-18690376
-18699288
-18702472
-18710952
-18717528
-18723864
-18732104
-18736280
-18753176
-18754696
-18765992
-18776488
-18796072
-18808360
-18816008
-18823048
-18843752
-18861240
-18887512
-18892264
-18905480
-18906184
-18909480
-18931160
-18952376
-18956408
-19038104
-19042712
-19061144
-19081192
-19085720
-19087160
-19096440
-19097720
-19106920
-19128280
-19154648
-19160792
-19210728
-19217752
-19240152
-19245656
-19264136
-19304952
-19322904
-19323992
-19326056
-19338904
-19340952
-19364008
-19365944
-19369528
-19369752
-19370120
-19419528
-19429336
-19462776
-19481864
-19483768
-19510952
-19516584
-19519048
-19524008
-19524360
-19537768
-19545464
-19572184
-19584968
-19601160
-19603352
-19604104
-19639720
-19639816
-19658824
-19667176
-19674824
-19675128
-19676312
-19683544
-19684536
-19687656
-19694744
-19703288
-19719880
-19746584
-19760584
-19761352
-19761928
-19771544
-19780424
-19781976
-19784568
-19796248
-19802392
-19818664
-19825640
-19846312
-19853128
-19853720
-19905608
-19918888
-19921528
-19951336
-19951368
-19952360
-19966168
