-11199
-30263
-38047
-42871
-50783
-53079
-64103
-67031
-67063
-81287
-83767
-84271
-85279
-89751
-92263
-98591
-99031
-99743
-104503
-105151
-119191
-120463
-127103
-135167
-146863
-150647
-151879
-165391
-165711
-176183
-191807
-203567
-241591
-244103
-246511
-259679
-260879
-267719
-277135
-280847
-289615
-301807
-306799
-309263
-309399
-315231
-318479
-327503
-329039
-336135
-341407
-353767
-361887
-379735
-385183
-388583
-397191
-400127
-422279
-457127
-458695
-463439
-469871
-473167
-487511
-488327
-511735
-513287
-515503
-527199
-531919
-557007
-571247
-579943
-586295
-604703
-621599
-626071
-626879
-628311
-629463
-637439
-652335
-657127
-657143
-668711
-673687
-674983
-678279
-680791
-695071
-704423
-707071
-709103
-710479
-717991
-730319
-737079
-745919
-758159
-758487
-759471
-761167
-768543
-775367
-778591
-780583
-780935
-788839
-809263
-812423
-815767
-825519
-834679
-835319
-877783
-899567
-901223
-935063
-938047
-961543
-970679
-971143
-978407
-980607
-986623
-987031
-989399
-994183
-998359
-1007327
-1008143
-1031295
-1031343
-1039751
-1050047
-1064055
-1067271
-1074327
-1089199
-1097823
-1103447
-1108191
-1131895
-1156919
-1169215
-1171943
-1177135
-1179599
-1182399
-1182695
-1187087
-1187303
-1192855
-1196767
-1210319
-1219447
-1228159
-1228943
-1229503
-1229543
-1235119
-1237079
-1238039
-1250783
-1261231
-1273583
-1280703
-1287111
-1293263
-1302767
-1309415
-1314679
-1319639
-1337479
-1340087
-1341287
-1343735
-1345391
-1346983
-1348447
-1353583
-1355311
-1357991
-1363207
-1368559
-1371839
-1379215
-1381055
-1383247
-1390367
-1420719
-1424055
-1428735
-1429431
-1438887
-1440647
-1444807
-1468839
-1484135
-1487759
-1488815
-1497119
-1512559
-1519271
-1519519
-1520223
-1542399
-1546815
-1547687
-1553767
-1554567
-1563143
-1567487
-1567495
-1567799
-1574263
-1578247
-1582087
-1582887
-1597591
-1602463
-1605039
-1605471
-1609415
-1613647
-1615735
-1625783
-1633487
-1640599
-1642207
-1642927
-1648751
-1650023
-1662863
-1663023
-1668623
-1688471
-1689431
-1691095
-1692919
-1707695
-1709439
-1711527
-1712623
-1713679
-1722191
-1728407
-1733543
-1751335
-1752727
-1754455
-1758655
-1760263
-1763383
-1767135
-1772583
-1772639
-1774007
-1780303
-1789183
-1790183
-1790599
-1794247
-1794903
-1799783
-1802631
-1803207
-1805943
-1806815
-1810079
-1810183
-1810927
-1812903
-1813607
-1815143
-1828231
-1832071
-1833887
-1836199
-1840319
-1846255
-1846799
-1847687
-1850519
-1854935
-1858967
-1861647
-1863167
-1867247
-1872447
-1876207
-1877911
-1884103
-1889231
-1895143
-1895455
-1900847
-1905047
-1909623
-1915639
-1924967
-1925671
-1926143
-1941415
-1943319
-1961167
-1965255
-1969167
-1983431
-2000559
-2004319
-2005703
-2006623
-2009711
-2009895
-2015167
-2017535
-2024527
-2043335
-2049495
-2057047
-2062247
-2065511
-2075343
-2077879
-2079463
-2082871
-2084423
-2088295
-2097719
-2100495
-2104927
-2118743
-2120151
-2120159
-2122607
-2129335
-2133951
-2148847
-2149615
-2152831
-2155223
-2161255
-2163679
-2164423
-2164831
-2166207
-2167503
-2169991
-2175743
-2176247
-2177951
-2179847
-2183407
-2185319
-2185607
-2196103
-2200855
-2201503
-2210135
-2215871
-2216591
-2219855
-2220951
-2226111
-2235215
-2236807
-2236823
-2240327
-2241367
-2242039
-2243503
-2246119
-2246783
-2259255
-2270831
-2272191
-2275935
-2282023
-2286343
-2297039
-2299399
-2315535
-2320855
-2331647
-2336511
-2353759
-2356831
-2360847
-2371799
-2373503
-2373847
-2381671
-2386471
-2387415
-2395511
-2395543
-2395759
-2397455
-2411583
-2419199
-2429391
-2431887
-2432087
-2434279
-2434295
-2450287
-2451423
-2452439
-2459615
-2465695
-2481343
-2482079
-2488583
-2489527
-2504199
-2505471
-2514471
-2518847
-2522703
-2524247
-2525927
-2528983
-2532455
-2532543
-2536743
-2541655
-2554951
-2559079
-2566399
-2568063
-2573759
-2576327
-2581303
-2595607
-2595831
-2595991
-2599183
-2601551
-2604415
-2606831
-2608647
-2614207
-2617671
-2620055
-2620607
-2621703
-2626855
-2627783
-2630087
-2651271
-2651559
-2654455
-2662359
-2666063
-2667743
-2668543
-2670839
-2681663
-2683255
-2690455
-2692263
-2693679
-2694919
-2698703
-2701295
-2717327
-2719655
-2721119
-2724783
-2729255
-2732327
-2733031
-2753943
-2758871
-2766239
-2766871
-2769863
-2777255
-2790071
-2795879
-2796703
-2798063
-2801615
-2808103
-2817359
-2818943
-2820327
-2820431
-2825087
-2826791
-2828743
-2829783
-2831927
-2833967
-2836263
-2841319
-2843879
-2848079
-2869439
-2869503
-2874407
-2878103
-2879959
-2881735
-2884847
-2887647
-2890271
-2903639
-2910615
-2910783
-2924407
-2927831
-2937359
-2967463
-2973367
-2975999
-2979551
-2982783
-2982967
-2988431
-2988863
-2990543
-2991167
-2991999
-2997647
-3025471
-3042039
-3042815
-3044455
-3047263
-3047407
-3051143
-3060079
-3072535
-3072743
-3073303
-3076583
-3106671
-3109967
-3115743
-3117039
-3118127
-3123903
-3124615
-3145007
-3148607
-3150391
-3152279
-3153239
-3164527
-3172639
-3174951
-3199279
-3201079
-3201247
-3202031
-3207863
-3214695
-3221431
-3233351
-3246943
-3255567
-3256607
-3269527
-3274519
-3275599
-3275655
-3279063
-3289255
-3294967
-3295303
-3301135
-3310959
-3312447
-3320479
-3323143
-3347663
-3349479
-3349607
-3357295
-3364383
-3373487
-3378455
-3381583
-3385551
-3401367
-3401615
-3427823
-3430543
-3439087
-3442191
-3447599
-3449543
-3457031
-3459391
-3462799
-3464279
-3469391
-3476447
-3482327
-3483479
-3493679
-3500951
-3518983
-3522191
-3529727
-3536583
-3538007
-3539023
-3544655
-3546983
-3549063
-3549359
-3556623
-3561199
-3577039
-3578959
-3586439
-3592991
-3596007
-3596063
-3598343
-3610783
-3611863
-3613215
-3615855
-3629615
-3637959
-3639567
-3642743
-3649927
-3650503
-3657647
-3664295
-3672271
-3674311
-3687863
-3688327
-3690167
-3694047
-3696071
-3699719
-3699839
-3704799
-3711095
-3718559
-3720711
-3722631
-3727455
-3731959
-3734231
-3736567
-3741151
-3746743
-3749695
-3750823
-3757767
-3763855
-3775247
-3775319
-3789703
-3793735
-3807391
-3821783
-3823919
-3844151
-3844943
-3850679
-3858287
-3859367
-3860839
-3865335
-3867239
-3877831
-3879583
-3880007
-3881407
-3889127
-3918887
-3920399
-3920767
-3922567
-3924335
-3924943
-3929119
-3933615
-3945047
-3947543
-3958959
-3970767
-3971263
-3976719
-3978079
-3984863
-3986519
-3987591
-3992127
-3992551
-3999359
-4009607
-4011567
-4014527
-4019071
-4027983
-4028303
-4029415
-4042383
-4047295
-4060727
-4063159
-4066855
-4071167
-4072503
-4076695
-4086447
-4090943
-4097967
-4098095
-4098367
-4141335
-4151327
-4152847
-4158047
-4159423
-4161223
-4165951
-4166543
-4168367
-4171503
-4174423
-4181687
-4184663
-4187135
-4188407
-4188919
-4190583
-4191223
-4192295
-4196599
-4197511
-4198127
-4198535
-4210055
-4212327
-4213415
-4214391
-4214447
-4214807
-4215431
-4216615
-4218791
-4234319
-4237071
-4248663
-4256391
-4257767
-4259247
-4263983
-4278311
-4281287
-4284719
-4285471
-4286719
-4297879
-4299383
-4300439
-4303695
-4306087
-4306751
-4315879
-4332103
-4336791
-4342271
-4346335
-4348623
-4364711
-4366639
-4373967
-4376263
-4382879
-4389143
-4397687
-4398951
-4402567
-4406127
-4419943
-4421615
-4423119
-4425351
-4429239
-4431743
-4432999
-4440431
-4461847
-4462167
-4462391
-4468543
-4473191
-4478663
-4482359
-4498679
-4499951
-4501703
-4519479
-4535687
-4536751
-4549935
-4553959
-4566687
-4567055
-4578191
-4589599
-4604447
-4614815
-4630319
-4632279
-4632623
-4632631
-4635951
-4645039
-4650919
-4661551
-4684711
-4686479
-4687303
-4688279
-4689519
-4690415
-4706967
-4712407
-4718951
-4728239
-4734031
-4736039
-4740823
-4746671
-4752103
-4754119
-4756279
-4761719
-4772847
-4778967
-4779383
-4779759
-4782295
-4783951
-4788079
-4790135
-4791967
-4796759
-4798335
-4799663
-4804359
-4810639
-4812495
-4817783
-4818943
-4825095
-4826679
-4827255
-4841391
-4847543
-4850463
-4858679
-4865943
-4870735
-4873511
-4877591
-4887079
-4888103
-4888447
-4893047
-4898351
-4902159
-4912815
-4914591
-4929407
-4930951
-4932191
-4935343
-4938791
-4939999
-4942367
-4945703
-4948503
-4955639
-4959103
-4959391
-4963199
-4966823
-4972871
-4984663
-4986591
-4988983
-5007063
-5014247
-5019319
-5020511
-5029215
-5037455
-5046527
-5056591
-5063367
-5064407
-5065031
-5068695
-5072327
-5081263
-5081511
-5086535
-5089863
-5106255
-5112951
-5116015
-5119103
-5119511
-5124103
-5131703
-5140687
-5144071
-5157239
-5158399
-5170703
-5184455
-5197567
-5217767
-5218239
-5220991
-5223359
-5229447
-5230231
-5231135
-5236495
-5249599
-5253151
-5256031
-5258471
-5260423
-5279983
-5289095
-5292463
-5299831
-5304287
-5308487
-5313895
-5314495
-5316807
-5317527
-5328303
-5370623
-5371431
-5374471
-5379303
-5385999
-5394615
-5403999
-5407791
-5408495
-5408807
-5413727
-5425879
-5426095
-5431191
-5436663
-5445807
-5455887
-5457863
-5473807
-5482271
-5486327
-5496495
-5497271
-5504631
-5511215
-5513127
-5515447
-5530127
-5530991
-5538599
-5543855
-5545207
-5563343
-5566519
-5569439
-5572439
-5577479
-5578303
-5589935
-5594519
-5597287
-5608751
-5618199
-5618335
-5620495
-5622791
-5628647
-5641639
-5641823
-5652959
-5653367
-5664543
-5672999
-5677343
-5680399
-5680511
-5684927
-5689311
-5689319
-5691759
-5691903
-5692423
-5696151
-5696783
-5705695
-5729383
-5733167
-5737831
-5738583
-5741135
-5745487
-5746847
-5749639
-5758967
-5759695
-5759823
-5760663
-5763007
-5767583
-5773951
-5779799
-5784359
-5790071
-5793535
-5799727
-5804855
-5804871
-5806351
-5814551
-5814847
-5815391
-5815959
-5820119
-5820511
-5821239
-5826895
-5830503
-5831103
-5833127
-5835679
-5835727
-5840463
-5843167
-5844983
-5848327
-5848919
-5853351
-5856895
-5857887
-5864815
-5868039
-5879063
-5879991
-5882455
-5886431
-5887247
-5889783
-5890223
-5891591
-5896959
-5904895
-5910303
-5911847
-5916727
-5922743
-5929167
-5930359
-5932727
-5935015
-5939791
-5941983
-5946223
-5950063
-5973159
-5974631
-5975503
-5994271
-5996935
-6009895
-6024719
-6026983
-6041047
-6055359
-6062223
-6075263
-6076415
-6083319
-6083751
-6096687
-6098159
-6103095
-6111111
-6120079
-6121279
-6150095
-6150727
-6159671
-6171927
-6179847
-6185407
-6190271
-6196263
-6198271
-6199455
-6200239
-6202455
-6207511
-6209151
-6210079
-6210871
-6211367
-6224263
-6230911
-6233759
-6238087
-6238159
-6242719
-6246247
-6248903
-6249095
-6274583
-6281383
-6298023
-6303439
-6313263
-6316015
-6316159
-6335831
-6338831
-6341223
-6344367
-6353983
-6358407
-6360071
-6362655
-6365679
-6367863
-6369719
-6372007
-6380383
-6381047
-6383015
-6389527
-6405983
-6409751
-6413615
-6421791
-6421943
-6425471
-6429287
-6430567
-6436087
-6437623
-6439039
-6441463
-6451127
-6456607
-6459279
-6466127
-6469735
-6482143
-6482903
-6488223
-6488351
-6494879
-6499271
-6499895
-6499919
-6504391
-6505791
-6527095
-6533311
-6534023
-6536847
-6540239
-6544223
-6549991
-6567311
-6579167
-6603743
-6607887
-6613271
-6620383
-6620839
-6621439
-6624503
-6627767
-6627895
-6630119
-6633407
-6644639
-6651559
-6651599
-6653455
-6657279
-6674215
-6674399
-6680447
-6681551
-6687223
-6689327
-6695231
-6697583
-6699999
-6702295
-6702303
-6722239
-6741407
-6742343
-6743199
-6746943
-6748663
-6750415
-6751159
-6751327
-6751927
-6755703
-6765959
-6766351
-6767111
-6768687
-6768911
-6771503
-6772855
-6774727
-6781183
-6783567
-6783783
-6791287
-6792599
-6795767
-6819103
-6820311
-6821871
-6825391
-6832687
-6849271
-6853895
-6853983
-6854623
-6858487
-6861047
-6867039
-6875535
-6886463
-6892991
-6915239
-6922463
-6925271
-6926087
-6936167
-6938423
-6951783
-6952799
-6955311
-6958895
-6959647
-6961591
-6964743
-6965663
-6967191
-6967247
-6971383
-6979127
-6982455
-6987295
-6988247
-6999735
-7003927
-7004519
-7006799
-7006991
-7021895
-7026959
-7028719
-7031935
-7042271
-7045063
-7047919
-7061143
-7079983
-7106783
-7130615
-7136655
-7144807
-7152967
-7153015
-7161295
-7163103
-7164871
-7166607
-7174631
-7187767
-7197231
-7207935
-7210367
-7221719
-7224479
-7225159
-7233711
-7235103
-7237039
-7237543
-7240879
-7248071
-7248455
-7267303
-7276807
-7279727
-7290983
-7296303
-7298471
-7306135
-7306615
-7313039
-7318495
-7319415
-7319591
-7330623
-7332079
-7332535
-7333783
-7336999
-7348879
-7354927
-7362647
-7375799
-7380087
-7386263
-7391783
-7396023
-7397471
-7400391
-7417247
-7425471
-7426007
-7432247
-7434895
-7443959
-7446047
-7450031
-7452647
-7457367
-7466055
-7466511
-7469383
-7479543
-7483551
-7492223
-7496319
-7503983
-7504543
-7517967
-7518671
-7522015
-7523327
-7526271
-7527191
-7534247
-7537039
-7542087
-7550351
-7558271
-7560759
-7563255
-7565791
-7566031
-7566847
-7567631
-7568207
-7571319
-7578471
-7587719
-7588191
-7588479
-7589055
-7595999
-7601127
-7602743
-7622351
-7634703
-7634919
-7645567
-7646551
-7650295
-7652383
-7659823
-7662535
-7668039
-7668767
-7670743
-7674479
-7680255
-7681407
-7692127
-7693463
-7709439
-7710367
-7712239
-7718223
-7721751
-7732999
-7734935
-7735983
-7737887
-7742855
-7743679
-7752215
-7760127
-7762951
-7765207
-7766719
-7767119
-7770999
-7773847
-7777295
-7781647
-7792007
-7795695
-7798343
-7798503
-7812447
-7814015
-7824487
-7829727
-7831423
-7835863
-7840159
-7840231
-7843431
-7846279
-7849263
-7849455
-7849951
-7852927
-7860631
-7881191
-7884527
-7887583
-7897807
-7899639
-7902847
-7905999
-7906231
-7906655
-7908359
-7910607
-7912615
-7919519
-7922671
-7930639
-7940015
-7942423
-7954495
-7964399
-7969031
-7973687
-7979151
-7980207
-7991671
-7996799
-7997711
-7999735
-8001695
-8006935
-8008647
-8009087
-8010287
-8012127
-8015471
-8016639
-8025503
-8027591
-8041407
-8045959
-8049927
-8060527
-8064991
-8073615
-8073903
-8076239
-8096903
-8097447
-8105199
-8105351
-8105695
-8105855
-8108639
-8108903
-8115223
-8127159
-8128335
-8128927
-8129887
-8132919
-8137207
-8144447
-8146231
-8148191
-8151503
-8157095
-8163919
-8168599
-8196191
-8196807
-8202335
-8210887
-8211487
-8212807
-8219599
-8228591
-8252831
-8254591
-8258799
-8264031
-8271919
-8281823
-8296543
-8305095
-8310751
-8316431
-8316759
-8326847
-8336711
-8337919
-8341007
-8343863
-8354911
-8355743
-8358431
-8369695
-8369959
-8374511
-8387399
-8392631
-8392791
-8394047
-8395687
-8396639
-8401103
-8405695
-8408711
-8408759
-8421263
-8424471
-8426335
-8441399
-8449103
-8454439
-8455255
-8458999
-8464103
-8474847
-8481839
-8499047
-8503527
-8525399
-8530639
-8530855
-8542271
-8545343
-8554511
-8571647
-8580343
-8585191
-8585503
-8593399
-8595183
-8597983
-8600863
-8601023
-8601559
-8604191
-8605671
-8608143
-8613559
-8613719
-8642783
-8643431
-8648239
-8654687
-8657095
-8675887
-8681471
-8692295
-8710255
-8711311
-8734039
-8734655
-8745095
-8746535
-8747831
-8759527
-8761687
-8766255
-8768703
-8775007
-8777055
-8784831
-8792159
-8793247
-8809831
-8816615
-8817279
-8817607
-8818831
-8819367
-8825183
-8827951
-8836791
-8839967
-8842607
-8843999
-8844679
-8855327
-8870879
-8872111
-8872423
-8874967
-8889703
-8905943
-8906415
-8915327
-8926815
-8934031
-8943151
-8946631
-8948983
-8949351
-8956127
-8959055
-8965823
-8971759
-8972039
-8973407
-8974023
-8975599
-8977327
-8980431
-8981183
-8981615
-8993359
-9001127
-9002967
-9005359
-9008023
-9015887
-9022551
-9032111
-9048407
-9049687
-9055415
-9055847
-9068951
-9080855
-9085591
-9088823
-9096031
-9106303
-9113583
-9114367
-9124735
-9137615
-9141383
-9142719
-9145271
-9150319
-9152183
-9155287
-9165143
-9168127
-9171943
-9173543
-9183583
-9195239
-9202399
-9209687
-9217527
-9222967
-9223023
-9232895
-9243791
-9248559
-9250343
-9253335
-9264367
-9268423
-9270991
-9271871
-9280815
-9281959
-9299335
-9300311
-9304391
-9315663
-9320743
-9332103
-9334599
-9335159
-9336095
-9339079
-9340311
-9352383
-9360823
-9365079
-9369543
-9378199
-9386039
-9387935
-9388591
-9403791
-9406055
-9409191
-9412903
-9412935
-9413095
-9413527
-9425279
-9434431
-9435623
-9439455
-9439535
-9440711
-9446807
-9451967
-9452951
-9453687
-9462919
-9468743
-9471703
-9476207
-9480959
-9487327
-9494303
-9495031
-9497919
-9502895
-9513255
-9515407
-9526415
-9534751
-9536087
-9543335
-9558247
-9559079
-9562071
-9565719
-9566871
-9566959
-9568703
-9573727
-9576623
-9583063
-9586327
-9588335
-9597215
-9603159
-9606631
-9609071
-9615407
-9617759
-9619271
-9620159
-9624127
-9627839
-9637087
-9639903
-9639935
-9641479
-9641903
-9642391
-9649983
-9654743
-9656471
-9667823
-9671759
-9672599
-9681311
-9682343
-9690895
-9690959
-9693343
-9697127
-9697199
-9698935
-9707423
-9717103
-9722615
-9729631
-9730111
-9733807
-9735343
-9735839
-9737135
-9745367
-9752367
-9758815
-9762599
-9763511
-9771191
-9775055
-9796399
-9819095
-9830303
-9831487
-9837383
-9841191
-9844455
-9857119
-9860663
-9866287
-9869551
-9873583
-9877471
-9878719
-9882799
-9887279
-9896863
-9904343
-9909079
-9911071
-9919871
-9927647
-9936007
-9940519
-9941279
-9941367
-9945719
-9945791
-9965023
-9978095
-9978463
-9987287
-9997615
-10004543
-10004999
-10008255
-10017319
-10020431
-10021111
-10022615
-10030127
-10031183
-10035807
-10043071
-10046615
-10059479
-10060103
-10063047
-10063983
-10064191
-10067623
-10078559
-10080471
-10087863
-10092551
-10095847
-10100927
-10101223
-10104735
-10104943
-10114255
-10117983
-10130151
-10140607
-10146199
-10147271
-10150879
-10157943
-10158983
-10169399
-10174863
-10179903
-10181471
-10186591
-10201063
-10205247
-10207887
-10208503
-10214119
-10223007
-10225103
-10225487
-10228319
-10232935
-10233959
-10235719
-10240991
-10248959
-10250903
-10261687
-10278895
-10282567
-10287687
-10287719
-10292639
-10296407
-10298623
-10304783
-10308711
-10309543
-10322039
-10324871
-10326319
-10327703
-10335631
-10344631
-10346639
-10348727
-10353255
-10356935
-10358151
-10359831
-10364783
-10369103
-10369783
-10376551
-10384511
-10395095
-10399927
-10400671
-10404335
-10413127
-10416271
-10434743
-10437079
-10437647
-10445407
-10452783
-10466143
-10467719
-10472879
-10480263
-10484399
-10488895
-10507367
-10508159
-10516823
-10516879
-10526623
-10527407
-10532111
-10536223
-10536751
-10540927
-10541679
-10550119
-10552999
-10573167
-10574807
-10575079
-10576919
-10578319
-10580807
-10582135
-10583031
-10628007
-10636159
-10636431
-10637663
-10649119
-10651143
-10673567
-10680351
-10692743
-10699495
-10701031
-10713599
-10719007
-10719687
-10731239
-10735039
-10736743
-10749327
-10751743
-10762015
-10765471
-10774391
-10775823
-10786215
-10788247
-10794943
-10797143
-10799511
-10801047
-10801471
-10815855
-10816607
-10827103
-10830047
-10841271
-10847911
-10849471
-10852279
-10856495
-10858287
-10862191
-10871735
-10873887
-10880983
-10883247
-10886887
-10890863
-10893055
-10893191
-10895783
-10900887
-10901567
-10902287
-10908343
-10908983
-10910359
-10913471
-10919231
-10924007
-10927135
-10929615
-10943087
-10953719
-10954311
-10956455
-10961351
-10961783
-10968527
-10969391
-10973503
-10973895
-10995639
-10999047
-11004383
-11010727
-11023271
-11034895
-11042255
-11047791
-11047879
-11048879
-11051911
-11053207
-11058655
-11064407
-11066159
-11072303
-11076007
-11079823
-11085383
-11090343
-11095591
-11102191
-11102791
-11114239
-11120055
-11121455
-11128415
-11129383
-11136463
-11140359
-11144327
-11148343
-11150663
-11150895
-11152903
-11153695
-11170247
-11174311
-11178687
-11179439
-11210703
-11225399
-11237167
-11239231
-11243567
-11254199
-11265383
-11266519
-11270183
-11280671
-11302311
-11311295
-11318335
-11321215
-11323823
-11324903
-11333327
-11334207
-11347247
-11348191
-11354431
-11356511
-11360183
-11363127
-11369311
-11374871
-11380407
-11386279
-11389247
-11391031
-11394119
-11401943
-11416711
-11417423
-11448671
-11455319
-11456743
-11459423
-11460887
-11461151
-11461199
-11465879
-11466287
-11472095
-11475199
-11479271
-11480519
-11482391
-11485591
-11485871
-11487727
-11494911
-11495735
-11499231
-11504783
-11512015
-11524303
-11524423
-11528983
-11534847
-11540839
-11548415
-11550727
-11560663
-11566583
-11571239
-11574231
-11574551
-11582879
-11583079
-11584991
-11585535
-11586759
-11591495
-11602319
-11607711
-11623191
-11625815
-11627927
-11636879
-11637151
-11642503
-11643879
-11643967
-11654031
-11657383
-11657887
-11678511
-11690543
-11694823
-11695399
-11702351
-11704031
-11709687
-11714367
-11717327
-11722063
-11725631
-11726767
-11731215
-11732911
-11745687
-11751999
-11767135
-11778879
-11781919
-11792495
-11795831
-11804935
-11805991
-11808535
-11813855
-11831223
-11834119
-11835799
-11838007
-11840351
-11841119
-11841591
-11842319
-11852215
-11853199
-11853503
-11859279
-11867447
-11878535
-11880343
-11884711
-11885919
-11890495
-11893559
-11910935
-11920991
-11921151
-11921943
-11929871
-11937103
-11947503
-11958951
-11970263
-11970511
-11973471
-11980327
-11983151
-11983631
-11987023
-11987167
-11999927
-12000687
-12000919
-12007559
-12011087
-12015823
-12023495
-12027263
-12034855
-12037247
-12039095
-12041479
-12047663
-12049359
-12050855
-12057231
-12057919
-12063023
-12072895
-12079703
-12084703
-12095463
-12096991
-12097655
-12114823
-12116031
-12116703
-12123991
-12132143
-12141447
-12145551
-12146711
-12157343
-12169343
-12175615
-12177055
-12181047
-12182935
-12189415
-12195311
-12199391
-12204471
-12210591
-12218159
-12227727
-12228679
-12231671
-12234719
-12240167
-12243871
-12250159
-12260471
-12261719
-12262391
-12265543
-12265639
-12267271
-12268207
-12272703
-12284151
-12288511
-12290231
-12297855
-12298855
-12299359
-12300631
-12302095
-12312895
-12314263
-12325279
-12338039
-12338207
-12338639
-12340703
-12348127
-12348479
-12349687
-12351431
-12361559
-12362767
-12364271
-12365319
-12372295
-12378927
-12385887
-12386879
-12388431
-12389223
-12401063
-12401551
-12407087
-12411231
-12425743
-12428039
-12433151
-12456007
-12461023
-12464759
-12469679
-12486431
-12493679
-12496031
-12497119
-12498151
-12505655
-12508471
-12511623
-12515223
-12520159
-12522071
-12529743
-12538879
-12539191
-12563015
-12570591
-12574103
-12574903
-12598247
-12600343
-12601695
-12603751
-12611783
-12613799
-12632855
-12639199
-12642391
-12651895
-12666911
-12667103
-12667679
-12682887
-12689647
-12695295
-12695567
-12701639
-12702031
-12702071
-12718007
-12730831
-12736999
-12741983
-12748159
-12748839
-12772295
-12779591
-12781735
-12782839
-12786727
-12799039
-12800471
-12803727
-12805583
-12810351
-12815047
-12817903
-12826015
-12826151
-12831143
-12832343
-12833327
-12851095
-12878463
-12886135
-12887863
-12890303
-12890679
-12892727
-12893903
-12896207
-12898655
-12901423
-12901799
-12903271
-12903767
-12903847
-12909239
-12909615
-12915455
-12916911
-12922087
-12923447
-12924551
-12933663
-12939599
-12945871
-12947087
-12947159
-12947887
-12959215
-12959623
-12960263
-12961447
-12966703
-12988831
-12988847
-12990895
-13000335
-13000367
-13017119
-13026615
-13027615
-13034063
-13035055
-13044247
-13046527
-13058503
-13058807
-13065783
-13065935
-13070831
-13070983
-13072263
-13080095
-13080783
-13087743
-13088663
-13092935
-13095455
-13095695
-13098983
-13100151
-13100671
-13105535
-13107911
-13111639
-13122991
-13125143
-13126143
-13129727
-13137535
-13145239
-13146991
-13149559
-13150815
-13165423
-13174255
-13175031
-13175295
-13176935
-13184079
-13187559
-13193471
-13193911
-13194471
-13196735
-13205551
-13210687
-13220063
-13224599
-13228071
-13231783
-13235327
-13237431
-13239591
-13243343
-13245527
-13249191
-13249231
-13255279
-13262079
-13276623
-13280799
-13282855
-13291679
-13293863
-13295623
-13303063
-13308191
-13310047
-13315783
-13324159
-13324351
-13324647
-13331623
-13333343
-13345159
-13347615
-13351279
-13352479
-13353623
-13360231
-13361023
-13374359
-13376887
-13379095
-13386479
-13389807
-13404239
-13416503
-13418567
-13434271
-13438871
-13441583
-13442263
-13450335
-13452767
-13468367
-13469839
-13473727
-13476551
-13477207
-13479783
-13485983
-13490471
-13491103
-13492103
-13503767
-13510615
-13510799
-13514623
-13516951
-13519903
-13524743
-13526895
-13544519
-13552231
-13554231
-13554271
-13556287
-13558751
-13559311
-13563679
-13565247
-13566615
-13569247
-13571943
-13574751
-13576119
-13578303
-13584079
-13591983
-13598951
-13599439
-13600295
-13605863
-13608863
-13617879
-13619103
-13626815
-13628095
-13634815
-13635119
-13635367
-13642183
-13649519
-13650207
-13651871
-13661671
-13664119
-13667887
-13669239
-13678039
-13687255
-13691567
-13704727
-13709391
-13711967
-13713295
-13724807
-13724935
-13725551
-13728655
-13732015
-13733839
-13735951
-13742519
-13751103
-13752303
-13761551
-13768567
-13777071
-13781023
-13781823
-13786223
-13789943
-13796407
-13799711
-13799991
-13805223
-13806015
-13809791
-13815103
-13823711
-13833503
-13838135
-13838919
-13849319
-13866231
-13877887
-13880863
-13895607
-13902751
-13906255
-13908871
-13909111
-13916215
-13924087
-13931399
-13935415
-13940439
-13941543
-13942639
-13945295
-13946591
-13949167
-13956847
-13957967
-13963583
-13966471
-13975495
-13980191
-13981495
-13982935
-13986503
-13989823
-13991295
-13995311
-14004399
-14004487
-14006447
-14008791
-14008847
-14011999
-14012471
-14012567
-14013255
-14019127
-14019431
-14027759
-14029031
-14029783
-14031543
-14032063
-14034023
-14043855
-14045071
-14047887
-14059463
-14065615
-14074647
-14078399
-14086271
-14088815
-14099263
-14102135
-14107231
-14108303
-14117287
-14124527
-14127679
-14130271
-14136023
-14137903
-14142959
-14159855
-14163311
-14171783
-14177351
-14185023
-14187535
-14203839
-14209895
-14210535
-14211919
-14219407
-14220335
-14220447
-14221343
-14222607
-14224327
-14231247
-14234215
-14234263
-14235391
-14237351
-14248207
-14248255
-14249839
-14251463
-14252791
-14259823
-14267111
-14268967
-14277727
-14284391
-14285247
-14303111
-14307703
-14322687
-14325191
-14325823
-14333335
-14338303
-14339447
-14342183
-14347895
-14348903
-14352599
-14365031
-14365567
-14369527
-14371799
-14372439
-14380583
-14388479
-14389271
-14396479
-14396663
-14401327
-14402599
-14403479
-14413831
-14421431
-14427807
-14429407
-14429711
-14442055
-14442927
-14444087
-14450207
-14461455
-14463687
-14467207
-14469439
-14491551
-14491911
-14493503
-14498647
-14501431
-14505999
-14508751
-14511655
-14512287
-14518039
-14524103
-14535527
-14546071
-14547487
-14568999
-14569727
-14571343
-14572447
-14579367
-14587735
-14589383
-14601399
-14612015
-14623503
-14626055
-14631407
-14634191
-14634935
-14636103
-14638615
-14654039
-14660687
-14665943
-14666423
-14669583
-14689191
-14691631
-14693055
-14695255
-14696495
-14698279
-14710055
-14712711
-14720631
-14739143
-14758127
-14764367
-14768391
-14778767
-14783359
-14784559
-14798687
-14805287
-14818471
-14819655
-14822839
-14824015
-14834207
-14838663
-14842151
-14843927
-14848559
-14851367
-14854663
-14867799
-14869047
-14875855
-14880927
-14885319
-14889935
-14895295
-14896407
-14896847
-14898271
-14900807
-14905799
-14915055
-14915167
-14917591
-14918903
-14926719
-14939351
-14952503
-14960391
-14961423
-14962951
-14965055
-14971335
-14971431
-14972207
-14972215
-14979935
-14982391
-14983215
-14984367
-14987519
-14992735
-14997183
-14997455
-15002367
-15005415
-15008023
-15014247
-15014863
-15022511
-15028063
-15031735
-15055127
-15065015
-15066807
-15073719
-15077767
-15079823
-15081743
-15086527
-15087327
-15100071
-15103823
-15116927
-15117703
-15118967
-15124703
-15127423
-15138183
-15139295
-15139599
-15141911
-15156607
-15159399
-15165463
-15167071
-15167559
-15178719
-15182031
-15183303
-15192239
-15194303
-15195071
-15196039
-15198023
-15201695
-15208247
-15209479
-15211303
-15224311
-15232695
-15238471
-15245687
-15251471
-15270967
-15275495
-15283039
-15286271
-15287911
-15297863
-15298687
-15299591
-15319367
-15323999
-15324055
-15333095
-15336703
-15337159
-15339167
-15339631
-15341151
-15354431
-15356311
-15365423
-15375703
-15376647
-15379279
-15380951
-15385079
-15385431
-15389983
-15391231
-15399527
-15417167
-15417943
-15422591
-15430943
-15445055
-15447999
-15448159
-15455743
-15462239
-15463727
-15468527
-15475519
-15485887
-15490519
-15492151
-15494887
-15502551
-15507183
-15510751
-15511127
-15516663
-15516751
-15525471
-15539359
-15543383
-15548015
-15548519
-15550343
-15558655
-15565047
-15565263
-15574135
-15579223
-15581791
-15586015
-15587423
-15590591
-15600607
-15600895
-15602311
-15603591
-15611039
-15611223
-15612295
-15613159
-15627639
-15634583
-15635823
-15644663
-15648311
-15648839
-15649391
-15652495
-15653183
-15661079
-15665087
-15669503
-15682055
-15690943
-15706151
-15706655
-15706735
-15716847
-15717623
-15723759
-15724831
-15735423
-15743311
-15744647
-15746511
-15757847
-15773983
-15804119
-15808495
-15808759
-15813479
-15820039
-15820607
-15821567
-15828503
-15833951
-15846663
-15847327
-15847735
-15849039
-15851855
-15861351
-15861479
-15863887
-15870655
-15875855
-15876303
-15877591
-15890471
-15893439
-15900359
-15903087
-15909159
-15912935
-15915847
-15915855
-15924135
-15926359
-15933391
-15934551
-15938743
-15940655
-15941847
-15945095
-15950111
-15953559
-15953735
-15961103
-15961879
-15974215
-15977839
-15978847
-15985847
-15996183
-16001607
-16001879
-16012991
-16024143
-16026407
-16027567
-16029831
-16030303
-16032183
-16038191
-16041647
-16045151
-16045471
-16045863
-16048239
-16058591
-16062383
-16063279
-16064959
-16075799
-16076647
-16083447
-16083671
-16087719
-16090847
-16092935
-16097919
-16098295
-16105351
-16114079
-16115911
-16117015
-16126183
-16128647
-16130807
-16132511
-16134103
-16141191
-16143415
-16148935
-16150247
-16154471
-16157959
-16160423
-16160671
-16162135
-16165847
-16180207
-16184103
-16184703
-16186783
-16188295
-16192159
-16193167
-16194607
-16196135
-16207079
-16209127
-16215567
-16217135
-16220415
-16220927
-16230895
-16232055
-16237343
-16239919
-16257943
-16266415
-16279423
-16281983
-16283967
-16294087
-16297959
-16300599
-16303871
-16306271
-16324295
-16326015
-16337231
-16340327
-16350591
-16351135
-16357279
-16362191
-16365183
-16366431
-16374871
-16375047
-16379191
-16386367
-16392687
-16393215
-16400735
-16407023
-16407623
-16410047
-16412279
-16412623
-16414223
-16449023
-16453631
-16455063
-16459103
-16461903
-16464567
-16466719
-16468167
-16469511
-16477503
-16479759
-16480991
-16493807
-16499263
-16505639
-16509831
-16510871
-16515167
-16523743
-16532215
-16534751
-16535167
-16536567
-16537727
-16541519
-16546183
-16554791
-16567959
-16572055
-16580599
-16586527
-16596079
-16614407
-16625199
-16628767
-16637039
-16642111
-16657183
-16667511
-16669743
-16674143
-16685759
-16698503
-16701199
-16701295
-16703151
-16708983
-16709623
-16709711
-16712623
-16719031
-16729471
-16733135
-16735127
-16737551
-16740191
-16740447
-16742127
-16744543
-16749751
-16755855
-16760743
-16761343
-16763407
-16765607
-16769135
-16772151
-16792383
-16797599
-16801647
-16801935
-16802215
-16817239
-16827015
-16832319
-16833239
-16839119
-16845415
-16845527
-16849039
-16850191
-16851695
-16856463
-16872047
-16872503
-16873223
-16878111
-16881335
-16894847
-16896391
-16911191
-16917847
-16928895
-16932527
-16934959
-16950487
-16960903
-16966023
-16970191
-16973983
-16976623
-16980391
-16982031
-16982807
-16989767
-16992719
-17003807
-17018607
-17028087
-17028703
-17044759
-17049935
-17060871
-17071351
-17074655
-17082295
-17085703
-17112871
-17113503
-17126471
-17130359
-17141303
-17142583
-17143631
-17144143
-17144391
-17145295
-17158735
-17161471
-17168951
-17171655
-17188007
-17200959
-17203703
-17205719
-17208215
-17210503
-17225247
-17231783
-17241191
-17245607
-17245871
-17247887
-17253119
-17255423
-17258519
-17262815
-17265423
-17282911
-17287503
-17288695
-17292599
-17296287
-17301847
-17303551
-17304071
-17312111
-17315215
-17320439
-17322879
-17328711
-17333135
-17335527
-17342015
-17349847
-17350135
-17353167
-17375159
-17406527
-17414135
-17414807
-17418191
-17420919
-17421311
-17422823
-17422991
-17430343
-17432383
-17437071
-17438311
-17440279
-17441191
-17443303
-17445759
-17459647
-17460431
-17469479
-17469863
-17473679
-17489951
-17491255
-17497823
-17505151
-17513743
-17519303
-17519799
-17524655
-17535791
-17538223
-17552935
-17562815
-17563719
-17574935
-17575287
-17577983
-17579039
-17580855
-17580959
-17585431
-17587743
-17590191
-17593103
-17594687
-17603591
-17606287
-17607607
-17611239
-17618711
-17628887
-17635079
-17639319
-17639423
-17647991
-17648831
-17651623
-17659567
-17661495
-17668911
-17671111
-17673031
-17673303
-17687559
-17690047
-17692847
-17695063
-17697071
-17699743
-17702839
-17704199
-17711135
-17727127
-17730583
-17735927
-17737799
-17739079
-17744879
-17745487
-17759679
-17766759
-17767991
-17769471
-17781343
-17785223
-17791543
-17799215
-17800127
-17807839
-17810447
-17814583
-17819495
-17820895
-17821263
-17821271
-17831751
-17837095
-17842583
-17849351
-17850559
-17855215
-17858271
-17858447
-17866399
-17874663
-17878111
-17882119
-17882767
-17889079
-17893535
-17894023
-17896199
-17901503
-17906999
-17908503
-17921023
-17921287
-17927039
-17929599
-17933863
-17944679
-17946839
-17965735
-17980215
-17980431
-17987543
-17988071
-17995503
-17998271
-18010199
-18012759
-18016831
-18019983
-18022871
-18026759
-18032167
-18033855
-18041087
-18041999
-18046535
-18051423
-18064119
-18067583
-18069047
-18077727
-18079127
-18081111
-18104559
-18115935
-18123359
-18129479
-18130895
-18153231
-18153399
-18153511
-18161047
-18161143
-18161943
-18163447
-18166807
-18169087
-18171655
-18176807
-18177343
-18182135
-18189687
-18190399
-18195535
-18202487
-18204911
-18209991
-18211759
-18212951
-18213103
-18213335
-18217111
-18228471
-18243335
-18247391
-18247615
-18250287
-18254103
-18261895
-18276367
-18285959
-18295591
-18301087
-18304503
-18313863
-18320271
-18328879
-18330047
-18333127
-18333679
-18358215
-18358799
-18364015
-18399847
-18401567
-18404911
-18424351
-18428911
-18434543
-18435943
-18460191
-18462127
-18469207
-18474215
-18475655
-18478127
-18490567
-18507631
-18509231
-18514743
-18517207
-18517991
-18526503
-18536551
-18539503
-18541615
-18542415
-18546279
-18561455
-18561927
-18564495
-18573887
-18583831
-18600319
-18605279
-18611215
-18614119
-18628367
-18633799
-18634879
-18635495
-18640159
-18640343
-18661639
-18663431
-18672583
-18673463
-18676727
-18686431
-18691135
-18691967
-18695711
-18701599
-18709367
-18714167
-18717103
-18718599
-18720263
-18728495
-18733607
-18746583
-18749031
-18757823
-18758687
-18760359
-18762959
-18763615
-18771063
-18775735
-18786759
-18789215
-18792271
-18800255
-18805999
-18806623
-18810263
-18810479
-18811527
-18811623
-18823303
-18825679
-18832879
-18837463
-18838847
-18842431
-18845367
-18846335
-18855831
-18868319
-18870383
-18870895
-18872591
-18884959
-18890119
-18927527
-18927647
-18935607
-18940895
-18941007
-18942991
-18944399
-18957207
-18959671
-18964703
-18976983
-18979031
-18982207
-18990199
-18990959
-18992759
-19011671
-19017231
-19020583
-19028191
-19028599
-19028679
-19032135
-19033079
-19039143
-19044335
-19044951
-19046487
-19054223
-19054527
-19063335
-19068623
-19071943
-19072487
-19079423
-19084359
-19086287
-19099167
-19100103
-19108295
-19120407
-19125247
-19127167
-19127263
-19143951
-19145199
-19149199
-19160071
-19168927
-19171047
-19172135
-19178911
-19184767
-19194407
-19196047
-19196095
-19196439
-19196807
-19198991
-19201063
-19203743
-19212647
-19213063
-19219343
-19221463
-19231423
-19233727
-19233887
-19234895
-19237623
-19241111
-19246127
-19249487
-19250695
-19255687
-19260095
-19267991
-19268719
-19271831
-19275119
-19278399
-19282479
-19288407
-19291047
-19292815
-19298631
-19304887
-19307767
-19311335
-19320767
-19324383
-19346855
-19352231
-19354119
-19354895
-19361327
-19363639
-19365863
-19375159
-19375359
-19375751
-19380511
-19380631
-19382079
-19387383
-19398991
-19402519
-19412655
-19423735
-19425239
-19427735
-19434855
-19451391
-19451479
-19459335
-19463007
-19466463
-19470895
-19471511
-19473983
-19475287
-19476327
-19479183
-19494719
-19497999
-19508959
-19509527
-19512743
-19516431
-19522807
-19525463
-19528183
-19528567
-19529735
-19530343
-19531247
-19532623
-19534759
-19555719
-19556903
-19557935
-19558751
-19561471
-19568895
-19569071
-19576167
-19576463
-19579863
-19580183
-19586663
-19598119
-19601135
-19602247
-19612727
-19613319
-19615415
-19624503
-19625455
-19634647
-19636935
-19639919
-19639983
-19640839
-19644047
-19651655
-19653487
-19653735
-19672719
-19677711
-19681151
-19681343
-19692687
-19697159
-19702479
-19710791
-19713711
-19720439
-19720815
-19730391
-19731263
-19733135
-19736551
-19743927
-19755263
-19761503
-19763623
-19766423
-19770383
-19771399
-19777831
-19791143
-19794871
-19796743
-19805903
-19806223
-19807519
-19808327
-19811071
-19815895
-19817399
-19826039
-19833351
-19835047
-19836247
-19841887
-19844615
-19851631
-19852743
-19856135
-19862791
-19871071
-19878823
-19884319
-19892055
-19905103
-19906567
-19908111
-19916887
-19923967
-19926407
-19930623
-19949815
-19952015
-19953479
-19959895
-19960135
-19960679
-19972399
-19972695
-19984223
-19985191
-19995159
-19995519
