-149519
-170679
-220503
-240655
-260111
-294935
-366295
-373655
-465719
-491767
-506551
-518879
-553791
-570599
-602479
-607391
-621919
-632687
-675015
-676087
-699639
-700447
-731127
-740599
-776855
-781431
-866823
-885111
-901815
-930023
-945623
-1022919
-1072655
-1093935
-1094743
-1113823
-1119455
-1157887
-1166231
-1182263
-1184471
-1217631
-1239151
-1276743
-1281927
-1320951
-1532119
-1574071
-1589471
-1612799
-1613639
-1620119
-1698215
-1706383
-1710887
-1730951
-1740223
-1776815
-1823639
-1831727
-1939735
-1956399
-2015215
-2031487
-2063951
-2086815
-2113583
-2120495
-2146623
-2210143
-2234031
-2249295
-2255799
-2332087
-2459047
-2546479
-2552919
-2609391
-2614551
-2638327
-2651343
-2682327
-2684695
-2686111
-2687735
-2704551
-2746871
-2753391
-2783879
-2801119
-2804839
-2815199
-2880391
-2882399
-2885615
-2909959
-2936471
-2939567
-2966159
-3010807
-3026999
-3038639
-3077743
-3079999
-3098311
-3100487
-3125455
-3125679
-3158111
-3162839
-3166559
-3183479
-3249183
-3268615
-3281639
-3295519
-3313327
-3318519
-3319999
-3381895
-3459503
-3471935
-3500463
-3512983
-3561799
-3587439
-3682039
-3686423
-3754799
-3778799
-3800231
-3835871
-3871479
-3881639
-3887439
-3903847
-3927135
-3950103
-3964567
-3973223
-4050479
-4074679
-4099703
-4112159
-4114183
-4118887
-4120895
-4165991
-4202079
-4216543
-4265759
-4279879
-4285999
-4299455
-4328863
-4370447
-4376095
-4379079
-4413207
-4456335
-4479135
-4485335
-4486535
-4515567
-4540271
-4557407
-4594807
-4603007
-4613279
-4620215
-4635511
-4638335
-4648015
-4655711
-4700695
-4757191
-4773271
-4854391
-4865479
-4876111
-4897807
-4907719
-4921463
-4947079
-5009327
-5022223
-5070823
-5104383
-5166687
-5257767
-5274631
-5276895
-5277583
-5366023
-5368711
-5377487
-5378287
-5382591
-5391263
-5398447
-5471935
-5502871
-5541927
-5570063
-5572903
-5574271
-5575903
-5632279
-5638055
-5649631
-5660903
-5680807
-5697695
-5704511
-5715383
-5743495
-5753847
-5775631
-5781991
-5809735
-5863687
-5865703
-5871455
-5882631
-5882719
-5904455
-5910607
-5974279
-5995399
-6013007
-6022759
-6031807
-6136071
-6138343
-6142119
-6249311
-6270823
-6313647
-6358215
-6370431
-6443863
-6451351
-6481447
-6499911
-6508735
-6532527
-6571239
-6610463
-6626159
-6637511
-6638399
-6669871
-6759287
-6800231
-6812591
-6822719
-6855559
-6869199
-6916319
-6916647
-6917191
-6917439
-6918527
-6922087
-6982343
-6985943
-7036063
-7040615
-7046855
-7140223
-7149487
-7161671
-7192015
-7276535
-7279887
-7309399
-7342743
-7377671
-7386607
-7403527
-7410487
-7486791
-7536647
-7540887
-7554927
-7555039
-7560391
-7591143
-7660999
-7672215
-7685335
-7769239
-7777439
-7804447
-7849991
-7870767
-7884871
-7904159
-7905111
-7937871
-7966991
-7968751
-7969279
-8005919
-8008463
-8014687
-8043359
-8046383
-8073887
-8106647
-8153383
-8171895
-8209319
-8219087
-8224583
-8225015
-8227567
-8235271
-8248847
-8315255
-8319343
-8328639
-8340727
-8344927
-8373703
-8434479
-8480791
-8513327
-8520407
-8522047
-8526471
-8548847
-8575799
-8583951
-8638303
-8641047
-8659471
-8663295
-8663471
-8699455
-8726439
-8730103
-8743551
-8791703
-8824719
-8849527
-8873599
-8895223
-8899887
-8927095
-8929479
-8934879
-8935615
-8976439
-8995839
-9001759
-9020063
-9134119
-9159079
-9248263
-9279383
-9293839
-9317767
-9356631
-9446799
-9460439
-9479415
-9509127
-9552367
-9599199
-9604615
-9695671
-9735511
-9737295
-9740951
-9760999
-9769351
-9812991
-9833079
-9888031
-9901639
-9965879
-9982279
-10003503
-10010479
-10011991
-10016671
-10019447
-10072599
-10086191
-10108839
-10114159
-10124607
-10159095
-10219063
-10233647
-10239655
-10248735
-10250471
-10258815
-10266663
-10269031
-10290311
-10303959
-10304359
-10306279
-10312791
-10424247
-10430359
-10440759
-10455383
-10461455
-10462551
-10471367
-10506887
-10516695
-10529935
-10574711
-10596839
-10603087
-10644207
-10648343
-10683439
-10802335
-10831855
-10883663
-10884767
-10887143
-10924559
-10941919
-10944823
-11017735
-11024943
-11056783
-11066183
-11104799
-11135879
-11139751
-11158415
-11200663
-11250471
-11277719
-11313871
-11321119
-11351023
-11453759
-11507327
-11552255
-11573655
-11598823
-11600663
-11622599
-11720471
-11756647
-11770679
-11773063
-11794943
-11810479
-11829871
-11916871
-11928999
-11967135
-11977295
-11991439
-11994967
-12000359
-12052823
-12081359
-12110559
-12117199
-12144359
-12202463
-12220415
-12284095
-12285255
-12318191
-12353815
-12365831
-12389551
-12417935
-12427719
-12439543
-12468767
-12477647
-12480263
-12484487
-12502055
-12513583
-12528391
-12534567
-12534895
-12583463
-12598807
-12644351
-12647303
-12658215
-12675943
-12684631
-12700535
-12739191
-12744119
-12762911
-12770247
-12776055
-12825871
-12848239
-12896607
-12909631
-12937255
-12966511
-13006015
-13028615
-13049023
-13066015
-13075999
-13082487
-13095799
-13106447
-13115207
-13130831
-13140727
-13147887
-13152031
-13165063
-13166511
-13169647
-13192591
-13272535
-13282687
-13301823
-13301983
-13320007
-13333407
-13335647
-13345807
-13346687
-13363303
-13396583
-13410543
-13429959
-13435415
-13457999
-13475703
-13557463
-13581815
-13589967
-13601239
-13618751
-13636655
-13645295
-13674759
-13697863
-13717823
-13731335
-13731463
-13742751
-13769215
-13771815
-13795439
-13802159
-13849615
-13855463
-13886479
-13894383
-13896447
-13912831
-13913615
-13918551
-13920679
-13936607
-14011439
-14026439
-14029687
-14040447
-14042983
-14083791
-14095831
-14096311
-14164671
-14191015
-14215263
-14215711
-14277031
-14374535
-14402983
-14449487
-14451951
-14460551
-14512783
-14520151
-14522271
-14542687
-14544815
-14601055
-14611999
-14655615
-14685479
-14694191
-14715919
-14720695
-14735071
-14753463
-14778847
-14811783
-14829711
-14832295
-14876519
-14890399
-14915127
-14932855
-14934055
-14943711
-14956559
-14966719
-15008671
-15041759
-15044727
-15045959
-15064527
-15107871
-15119367
-15135407
-15211439
-15216623
-15226303
-15227647
-15254687
-15277863
-15278519
-15304287
-15309519
-15330615
-15372983
-15448399
-15487599
-15515807
-15531799
-15542807
-15568399
-15573127
-15573911
-15600399
-15602039
-15607879
-15628583
-15631319
-15643607
-15645351
-15672071
-15680199
-15699631
-15735055
-15771079
-15798527
-15913479
-15952607
-15977431
-15993471
-16000943
-16111743
-16125415
-16184591
-16187951
-16203679
-16206295
-16253327
-16281039
-16297343
-16298119
-16352367
-16423647
-16445631
-16459703
-16481607
-16509991
-16511431
-16652207
-16659703
-16662679
-16693439
-16711615
-16718887
-16733519
-16738871
-16738895
-16739567
-16744759
-16750551
-16875703
-16904119
-16915423
-16928295
-16931447
-16935495
-16962231
-16980503
-17009695
-17027831
-17036223
-17048967
-17051111
-17077319
-17077519
-17106015
-17119551
-17123591
-17128247
-17152895
-17235311
-17251055
-17301215
-17377287
-17404199
-17448503
-17491687
-17495567
-17501623
-17513831
-17538367
-17621215
-17629639
-17639215
-17651047
-17681687
-17702543
-17717703
-17733559
-17742751
-17746007
-17770839
-17800295
-17804767
-17805543
-17808431
-17836087
-17913479
-17929527
-17931743
-17961951
-17982015
-17983927
-18003167
-18008143
-18079391
-18083071
-18097647
-18124103
-18149111
-18154527
-18168815
-18188167
-18201711
-18204855
-18230159
-18235703
-18257455
-18262943
-18281663
-18302335
-18304567
-18342359
-18362959
-18384671
-18395895
-18412447
-18435143
-18457071
-18471887
-18505247
-18513255
-18516487
-18534695
-18547647
-18572599
-18574231
-18611903
-18623271
-18658167
-18659071
-18670439
-18671239
-18673183
-18711183
-18804903
-18857719
-18907167
-18908639
-18983071
-19036151
-19089671
-19107463
-19140551
-19206271
-19210495
-19243135
-19268399
-19272647
-19283295
-19290255
-19325567
-19341215
-19359991
-19383487
-19451911
-19470263
-19478527
-19480111
-19493207
-19493503
-19592335
-19610279
-19617735
-19632831
-19655031
-19655935
-19671199
-19701647
-19706903
-19727295
-19741903
-19814983
-19828623
-19908447
-19938103
-19964711
