-227860
-247252
-275636
-511988
-579588
-598756
-611076
-620420
-718964
-869428
-1097220
-1173828
-1177652
-1220276
-1431444
-1435812
-1496036
-1525844
-1564388
-1576884
-1666020
-1905716
-1911764
-1954452
-2000644
-2059428
-2112532
-2193492
-2223332
-2248788
-2301124
-2382420
-2503028
-2537124
-2650164
-2650948
-2711252
-2773140
-2776004
-2780308
-2783828
-2861252
-2875748
-2893972
-2910484
-2976708
-3001108
-3126580
-3147396
-3178676
-3196596
-3339316
-3360292
-3444180
-3524516
-3568132
-3575188
-3593380
-3613156
-3773572
-3823012
-3839380
-3904356
-3957204
-3959476
-4019396
-4075460
-4133940
-4170452
-4299796
-4301012
-4334372
-4336356
-4340148
-4371172
-4455604
-4507652
-4539396
-4545316
-4596916
-4608148
-4663956
-4692356
-4960388
-4973316
-4975444
-5013268
-5054596
-5076164
-5207588
-5210036
-5324420
-5331684
-5348132
-5375156
-5408708
-5453332
-5495812
-5538148
-5691540
-5781940
-5849828
-5872196
-5892772
-5907396
-5925748
-5950948
-5956372
-6011252
-6027636
-6027668
-6031828
-6070468
-6084244
-6085284
-6089908
-6112244
-6129652
-6137444
-6167908
-6199860
-6262132
-6299620
-6302388
-6310004
-6319732
-6330180
-6399876
-6401380
-6427284
-6427604
-6467956
-6492244
-6498820
-6559156
-6568324
-6570388
-6582260
-6620884
-6715572
-6747108
-6788884
-6801796
-6869476
-6901124
-7003348
-7072228
-7109796
-7117796
-7119508
-7189572
-7268484
-7316596
-7339252
-7352132
-7370468
-7372244
-7429396
-7447108
-7491588
-7542116
-7564164
-7632516
-7654916
-7693028
-7781572
-7900004
-7938452
-7944852
-7980756
-8064116
-8179156
-8265092
-8328260
-8397028
-8554772
-8591332
-8612868
-8645396
-8794740
-8901156
-8901604
-8931940
-9033812
-9049156
-9054388
-9095892
-9111140
-9159844
-9194084
-9268868
-9282964
-9364116
-9400996
-9416964
-9427108
-9499028
-9509620
-9571412
-9647988
-9670692
-9716612
-9729268
-9825716
-9831844
-9843812
-9847204
-10006692
-10026884
-10059572
-10141444
-10181060
-10185572
-10192964
-10207812
-10249444
-10360052
-10383924
-10437188
-10449844
-10462660
-10470452
-10479396
-10616996
-10658436
-10683588
-10701140
-10729556
-10763924
-10784132
-10847156
-11012932
-11088820
-11141956
-11149396
-11183092
-11238196
-11260484
-11265044
-11301940
-11345028
-11468596
-11499284
-11572788
-11736916
-11766260
-11873716
-11881268
-12008996
-12100564
-12124788
-12144404
-12161396
-12167284
-12169492
-12189284
-12309524
-12355556
-12397380
-12424884
-12464708
-12505444
-12523476
-12571908
-12576692
-12583428
-12600532
-12622324
-12677268
-12693860
-12694596
-12715140
-12788628
-12813716
-12836388
-12950404
-12959908
-13082980
-13104996
-13113748
-13156388
-13200468
-13304932
-13333412
-13352660
-13373492
-13390980
-13451764
-13452164
-13505156
-13508340
-13512612
-13519076
-13580212
-13605812
-13663636
-13693604
-13749476
-13816068
-13817908
-13850084
-13912916
-13944644
-13979316
-14026132
-14061844
-14193748
-14196740
-14267044
-14335844
-14379572
-14431684
-14466612
-14496564
-14525268
-14534596
-14541188
-14577268
-14590388
-14654292
-14755444
-14788964
-14868548
-14872164
-14872868
-14925844
-14988740
-15022292
-15058436
-15127348
-15128980
-15248180
-15319652
-15363572
-15417364
-15429956
-15510980
-15515348
-15600868
-15661220
-15713956
-15716068
-15863028
-15886596
-15918164
-15934916
-15952196
-15997604
-16003972
-16009428
-16035044
-16111972
-16138068
-16144660
-16158724
-16174148
-16176052
-16198228
-16242628
-16296436
-16303332
-16321444
-16445796
-16486756
-16515988
-16520772
-16578964
-16585124
-16616740
-16656996
-16669364
-16692692
-16760452
-16804708
-16845908
-16845924
-16864388
-16869860
-16910052
-16922436
-16942612
-16995220
-17081252
-17103508
-17128676
-17225828
-17234628
-17234932
-17236932
-17261156
-17273396
-17278660
-17301172
-17441588
-17454244
-17498148
-17534548
-17597636
-17653620
-17688772
-17739620
-17756052
-17804324
-17872436
-17962612
-17973220
-17999092
-18016628
-18116292
-18123860
-18163732
-18327556
-18340292
-18364260
-18399140
-18569828
-18645076
-18663092
-18675876
-18689956
-18704004
-18722548
-18801092
-18900116
-18918788
-18922308
-18931236
-19049316
-19071908
-19189972
-19211716
-19230580
-19275556
-19337908
-19453668
-19486468
-19555636
-19561060
-19561892
-19583636
-19609220
-19625764
-19633924
-19673988
-19684340
-19723220
-19742452
-19794180
-19917364
