-63499
-118843
-124043
-183619
-185723
-226691
-227387
-236931
-240347
-268739
-272179
-299627
-301211
-308531
-318547
-346883
-361595
-480059
-528243
-562883
-563443
-571555
-573915
-590251
-600963
-609171
-610347
-614235
-673611
-690243
-778299
-780587
-782555
-787443
-788419
-808771
-839147
-841019
-852083
-882363
-887827
-1127051
-1163355
-1174027
-1206355
-1229227
-1246411
-1257843
-1263635
-1277939
-1285243
-1303251
-1306859
-1320739
-1338355
-1364059
-1387011
-1493947
-1601571
-1641563
-1648459
-1707603
-1709331
-1717147
-1747795
-1772123
-1849227
-1851763
-1900371
-1907331
-1926579
-1984715
-2009355
-2022563
-2091299
-2123923
-2135579
-2155763
-2179771
-2181571
-2193771
-2202379
-2220235
-2255811
-2275619
-2277003
-2322011
-2337043
-2346163
-2355211
-2370651
-2382643
-2406595
-2413747
-2443899
-2449235
-2472379
-2554323
-2557763
-2573371
-2576307
-2625547
-2666955
-2683955
-2713843
-2728603
-2771427
-2789779
-2822491
-2882459
-2907715
-2954283
-3019739
-3035091
-3050027
-3055571
-3087371
-3110307
-3142851
-3161451
-3186739
-3198179
-3235867
-3242643
-3246211
-3288907
-3302947
-3311827
-3326771
-3342795
-3354539
-3434363
-3451219
-3453595
-3459595
-3472851
-3498387
-3540115
-3570731
-3613403
-3623307
-3709531
-3723883
-3799907
-3802459
-3836323
-3854451
-3860819
-3873243
-3890651
-3893131
-3907003
-3928595
-3931979
-3999011
-4039043
-4103147
-4105723
-4109539
-4161155
-4174171
-4186995
-4209099
-4210723
-4277451
-4291963
-4301043
-4342571
-4378523
-4386571
-4413219
-4426603
-4432771
-4450115
-4450811
-4485211
-4493227
-4547035
-4549739
-4566331
-4624307
-4635659
-4665331
-4670123
-4673955
-4698811
-4708083
-4766107
-4796403
-4809171
-4839843
-4883507
-4905003
-4912099
-4932699
-5062315
-5073267
-5073691
-5080235
-5107155
-5125987
-5147635
-5174387
-5185051
-5254091
-5266627
-5278627
-5287251
-5289123
-5294211
-5308899
-5336387
-5345115
-5387627
-5448539
-5489843
-5519419
-5536219
-5552763
-5580395
-5581339
-5612635
-5642995
-5695931
-5733363
-5746339
-5758683
-5773571
-5781891
-5787467
-5803779
-5813795
-5857723
-5871083
-5873291
-5923835
-5926123
-5934787
-5937531
-6019483
-6069971
-6099979
-6104915
-6143443
-6193051
-6292283
-6300899
-6301019
-6305187
-6322811
-6349603
-6358699
-6359491
-6409187
-6410011
-6412427
-6460723
-6464827
-6527859
-6538715
-6553571
-6562059
-6578723
-6626963
-6641723
-6654099
-6657339
-6725163
-6769571
-6778843
-6836659
-6850131
-6863603
-6893211
-6928283
-6930355
-6969419
-7033163
-7080187
-7111331
-7113683
-7149147
-7237171
-7290507
-7317803
-7333467
-7348987
-7369019
-7377771
-7396531
-7415619
-7462339
-7464947
-7469651
-7484267
-7503851
-7517587
-7530963
-7538107
-7544291
-7560499
-7562067
-7597995
-7626651
-7634019
-7677291
-7697811
-7774603
-7832563
-7869427
-7889587
-7927467
-7982195
-7986315
-8006659
-8040491
-8043747
-8091587
-8101147
-8183915
-8185235
-8215139
-8251027
-8256235
-8281371
-8284363
-8285635
-8314355
-8353787
-8390571
-8395027
-8418571
-8447339
-8448339
-8454827
-8456531
-8475739
-8527619
-8575771
-8591243
-8616995
-8640755
-8645923
-8650187
-8668267
-8677371
-8736603
-8759251
-8765499
-8768099
-8791747
-8808763
-8809459
-8840771
-8847427
-8855539
-8988523
-8994379
-9022731
-9047395
-9054931
-9067731
-9092219
-9104035
-9109811
-9137235
-9151491
-9160971
-9178643
-9219371
-9258891
-9280099
-9315003
-9315347
-9343723
-9346235
-9388731
-9412771
-9442371
-9455467
-9489547
-9512323
-9522547
-9539699
-9553571
-9562099
-9567579
-9569003
-9591739
-9611627
-9646267
-9655403
-9658931
-9661019
-9675395
-9680971
-9696955
-9702787
-9707955
-9742595
-9800099
-9823467
-9844331
-9847715
-9867347
-9869731
-9870195
-9879915
-9896555
-9908067
-9932883
-9938803
-9969499
-9985291
-9995099
-10010531
-10056091
-10063003
-10108051
-10136131
-10208387
-10209243
-10250907
-10272019
-10302083
-10315027
-10386763
-10417515
-10547043
-10576619
-10620755
-10638283
-10685443
-10699995
-10701723
-10702883
-10703659
-10713603
-10735283
-10763483
-10765123
-10767371
-10773995
-10782091
-10798643
-10866251
-10883603
-10894915
-10933019
-10956755
-11029411
-11040739
-11050851
-11058811
-11076603
-11083363
-11099971
-11124259
-11130923
-11136291
-11148099
-11170283
-11229523
-11245523
-11274979
-11301659
-11308795
-11361323
-11379043
-11383579
-11427411
-11447979
-11454731
-11466947
-11503059
-11509419
-11519571
-11553235
-11559619
-11564211
-11596243
-11694931
-11717259
-11749787
-11767747
-11801459
-11834227
-11834427
-11874827
-11906891
-11915283
-11918987
-11936139
-11953067
-11997635
-12018491
-12023747
-12025027
-12075731
-12128531
-12157771
-12197099
-12200259
-12223243
-12251179
-12258579
-12328203
-12343139
-12357331
-12357715
-12388819
-12408227
-12469499
-12483091
-12494859
-12499971
-12514211
-12523427
-12547011
-12619787
-12625651
-12643427
-12644547
-12645907
-12655195
-12673787
-12685355
-12729003
-12742355
-12768707
-12771931
-12773779
-12776971
-12877779
-12894459
-12987483
-12993243
-13047339
-13060259
-13087011
-13088811
-13160803
-13172803
-13181483
-13197619
-13219859
-13239483
-13257915
-13288459
-13296523
-13298131
-13300579
-13349291
-13362379
-13378787
-13435651
-13467059
-13493971
-13503155
-13503635
-13519387
-13595659
-13603555
-13607571
-13623467
-13625891
-13630083
-13664739
-13671779
-13693235
-13705667
-13739979
-13748123
-13783507
-13824939
-13837811
-13844507
-13904083
-13957435
-13976851
-13983267
-14021635
-14062227
-14075547
-14169443
-14175643
-14178723
-14211667
-14260371
-14265371
-14291755
-14310467
-14315179
-14338027
-14359979
-14389283
-14407627
-14411843
-14420283
-14441763
-14441811
-14450291
-14457907
-14478315
-14489291
-14554331
-14558651
-14565107
-14572491
-14619451
-14661131
-14661899
-14695979
-14707091
-14751227
-14872227
-14874379
-14893643
-14901315
-14916227
-14924499
-14926507
-14938707
-14975795
-14976427
-14995787
-15010715
-15061747
-15072819
-15077171
-15087755
-15112587
-15134659
-15144115
-15176131
-15196795
-15200459
-15220531
-15223195
-15227371
-15254915
-15276059
-15309731
-15314443
-15338283
-15344963
-15358251
-15360139
-15374883
-15395755
-15397211
-15429763
-15445699
-15481787
-15516659
-15541211
-15573091
-15573371
-15621299
-15635827
-15638099
-15661235
-15664307
-15686787
-15692555
-15714635
-15727803
-15787523
-15800579
-15820643
-15823435
-15828099
-15834899
-15837603
-15839947
-15841443
-15928603
-15932843
-15953027
-15961987
-16053555
-16073331
-16104723
-16137523
-16144715
-16148803
-16152403
-16161755
-16183723
-16189307
-16191787
-16201635
-16264843
-16276259
-16298027
-16301371
-16314835
-16334267
-16403795
-16426867
-16445555
-16461115
-16492947
-16518355
-16530107
-16542995
-16557547
-16565699
-16592635
-16629915
-16634251
-16645459
-16648763
-16657547
-16678763
-16709291
-16748123
-16751355
-16757203
-16788707
-16877971
-16883203
-16917203
-16941027
-16985283
-16988659
-17017107
-17097683
-17104843
-17131963
-17148227
-17176771
-17188915
-17196803
-17207003
-17212507
-17320955
-17322059
-17328819
-17343451
-17360483
-17361555
-17388587
-17416019
-17440723
-17483755
-17488571
-17504355
-17532291
-17566787
-17571451
-17583187
-17627195
-17664067
-17680819
-17691099
-17692835
-17701755
-17701979
-17710691
-17730283
-17743499
-17763699
-17768435
-17783035
-17833459
-17889523
-17894803
-17921131
-17925971
-17972483
-17994731
-18036915
-18056507
-18056531
-18074235
-18077891
-18079027
-18104387
-18154387
-18198267
-18212195
-18238979
-18253267
-18267947
-18291451
-18291747
-18303067
-18320163
-18362747
-18367315
-18380027
-18386899
-18409443
-18429979
-18449291
-18468107
-18493987
-18509035
-18511235
-18521915
-18561795
-18561851
-18585755
-18621187
-18642979
-18707635
-18724155
-18725779
-18764531
-18774835
-18807803
-18808195
-18812363
-18862571
-18873043
-18884755
-18884867
-18888827
-18889987
-18890795
-18899211
-18929099
-18985187
-19010707
-19038363
-19049507
-19070867
-19071627
-19074611
-19077587
-19086539
-19098163
-19102843
-19107427
-19117715
-19127307
-19132555
-19151755
-19155395
-19186531
-19193971
-19206883
-19257483
-19263259
-19286571
-19305035
-19318531
-19323283
-19349795
-19353219
-19355547
-19363155
-19363931
-19399067
-19415507
-19436595
-19450987
-19457587
-19473739
-19508099
-19535667
-19540211
-19550051
-19553819
-19560243
-19596939
-19640179
-19694219
-19697939
-19705331
-19705539
-19716523
-19771699
-19772003
-19787443
-19792491
-19795107
-19802587
-19821635
-19943219
-19952611
-19962571
-19964491
