-159592
-489576
-501576
-546792
-624216
-683832
-746184
-751288
-759864
-820536
-858296
-890984
-905384
-986008
-991720
-1001224
-1011016
-1075928
-1114232
-1147288
-1184360
-1186040
-1191944
-1192808
-1237352
-1323976
-1462216
-1512744
-1540536
-1547112
-1550696
-1551224
-1559528
-1639064
-1728920
-1753896
-1782152
-1920536
-1931016
-1934616
-2014888
-2096648
-2102136
-2161528
-2174248
-2279624
-2426744
-2428936
-2432408
-2471624
-2478856
-2479192
-2516792
-2521688
-2559352
-2622808
-2674648
-2679160
-2685464
-2694248
-3012712
-3076504
-3098920
-3153768
-3163912
-3240280
-3242888
-3292728
-3394424
-3465336
-3483416
-3491288
-3494744
-3546808
-3617480
-3659480
-3678760
-3711128
-3770040
-3812744
-3919928
-3942152
-3963944
-3984280
-4041048
-4049560
-4050744
-4080904
-4108168
-4121688
-4142248
-4188616
-4230568
-4258920
-4272936
-4394632
-4412696
-4435528
-4459208
-4559752
-4598664
-4634744
-4640840
-4716920
-4773640
-4810360
-4860984
-4897560
-4912856
-4944872
-4969048
-5040808
-5045496
-5159992
-5252888
-5265640
-5279656
-5289240
-5357176
-5378344
-5419144
-5501784
-5534664
-5560584
-5631896
-5637832
-5655480
-5755656
-5813944
-5857640
-5961832
-6081128
-6170792
-6297096
-6309560
-6337560
-6390824
-6391208
-6448936
-6455704
-6469432
-6476056
-6491368
-6588088
-6603096
-6671768
-6718584
-6727192
-6883784
-6982520
-7088568
-7106056
-7148328
-7156392
-7166168
-7168376
-7170360
-7174568
-7175368
-7332248
-7359208
-7408376
-7442536
-7654024
-7738008
-7746920
-7838072
-7874120
-7961864
-7965096
-7975912
-7981928
-8071640
-8185304
-8228216
-8296392
-8303240
-8305576
-8448104
-8462008
-8521672
-8528728
-8536648
-8674440
-8733752
-8784680
-8806744
-8826088
-8926088
-8971672
-9006648
-9022136
-9125832
-9129352
-9162424
-9276296
-9325608
-9335912
-9405176
-9628440
-9698120
-9711688
-9842344
-9916152
-9918136
-9932280
-10049560
-10171608
-10410104
-10448248
-10467336
-10474120
-10498760
-10525656
-10605080
-10682040
-10689464
-10720920
-10759048
-10764552
-10791208
-10822440
-10885288
-10889176
-10939352
-10951480
-11082424
-11088024
-11118008
-11162328
-11182712
-11190472
-11231672
-11333960
-11369976
-11399896
-11486504
-11504536
-11522616
-11550680
-11555528
-11580568
-11597144
-11679272
-11806040
-11811560
-11845928
-11860376
-12216824
-12237864
-12331256
-12334728
-12335752
-12384472
-12403432
-12416376
-12457352
-12475112
-12598552
-12681496
-12765544
-12786344
-12876520
-12924984
-12995320
-13035304
-13066456
-13093096
-13126744
-13144376
-13149944
-13223240
-13385512
-13509096
-13555288
-13611944
-13617592
-13625608
-13635048
-13729736
-13735384
-13761016
-13762680
-13835144
-13842024
-13842424
-13857448
-13919576
-14064712
-14074264
-14125064
-14137960
-14158168
-14201464
-14215192
-14223608
-14257272
-14261992
-14279560
-14289304
-14360264
-14420216
-14421992
-14450136
-14482760
-14624920
-14695784
-14727544
-14736056
-14749752
-14757896
-14798040
-14838344
-14928728
-15051848
-15069896
-15092664
-15143880
-15212184
-15217656
-15279112
-15287080
-15288680
-15308952
-15381304
-15430040
-15469320
-15585144
-15593912
-15713960
-15759688
-15811832
-15823192
-15849752
-15875176
-16030904
-16043336
-16053944
-16164472
-16192168
-16248664
-16278648
-16349384
-16386760
-16465688
-16468504
-16510952
-16574248
-16588552
-16695272
-16709144
-16730456
-16734152
-16738136
-16831832
-16893064
-16895176
-16987528
-17064120
-17112808
-17119528
-17155672
-17161576
-17214968
-17272776
-17283624
-17301432
-17306312
-17306376
-17336152
-17392136
-17400392
-17478680
-17499736
-17561496
-17569208
-17662936
-17735128
-17746568
-17829464
-17847880
-17964872
-17981656
-17995816
-18079768
-18095656
-18287336
-18287816
-18483496
-18576424
-18611880
-18614936
-18681752
-18702392
-18703176
-18820632
-18900248
-19024744
-19113656
-19114104
-19136296
-19193464
-19222456
-19238440
-19264472
-19298824
-19429288
-19520152
-19524728
-19592248
-19762504
-19796776
-19849352
-19899816
-19928360
-19949128
-19960648
